4 0.376984126984127 0.5456349206349206 0.07208994708994709 0.03670634920634921
4 0.3419312169312169 0.4573412698412698 0.082010582010582 0.05654761904761905
4 0.32407407407407407 0.3819444444444444 0.07407407407407407 0.04861111111111111
4 0.3445767195767196 0.28869047619047616 0.06018518518518518 0.050595238095238096
4 0.3776455026455027 0.2316468253968254 0.07671957671957672 0.07341269841269842
4 0.24206349206349206 0.18601190476190477 0.08002645502645503 0.05009920634920635
4 0.24735449735449735 0.2628968253968254 0.08994708994708994 0.061507936507936505
4 0.2003968253968254 0.08085317460317461 0.08002645502645503 0.051587301587301584
4 0.2691798941798942 0.03273809523809524 0.06878306878306878 0.05654761904761905
4 0.294973544973545 0.1433531746031746 0.0496031746031746 0.03720238095238095
4 0.2705026455026455 0.6587301587301587 0.06415343915343916 0.05406746031746032
4 0.5363756613756614 0.8005952380952381 0.07275132275132275 0.06646825396825397
4 0.4775132275132275 0.8333333333333334 0.05423280423280423 0.053075396825396824
4 0.7103174603174603 0.7485119047619048 0.08267195767195767 0.06001984126984127
4 0.9034391534391535 0.722718253968254 0.09722222222222222 0.05555555555555555
4 0.7619047619047619 0.8382936507936508 0.07407407407407407 0.03968253968253968
4 0.2003968253968254 0.75 0.0787037037037037 0.062003968253968256
4 0.31547619047619047 0.8368055555555556 0.09259259259259259 0.05803571428571429
4 0.5092592592592593 0.7261904761904762 0.056878306878306875 0.03273809523809524
4 0.5641534391534392 0.7217261904761905 0.04034391534391534 0.030753968253968252
4 0.11243386243386243 0.6954365079365079 0.052248677248677246 0.033234126984126984
4 0.07142857142857142 0.7256944444444444 0.0496031746031746 0.03819444444444445
4 0.041005291005291 0.6532738095238095 0.041005291005291 0.031746031746031744
4 0.0873015873015873 0.42410714285714285 0.08002645502645503 0.06001984126984127
4 0.21693121693121692 0.4340277777777778 0.07208994708994709 0.03720238095238095
4 0.2037037037037037 0.6061507936507936 0.0496031746031746 0.024305555555555556
4 0.12433862433862433 0.533234126984127 0.06018518518518518 0.026785714285714284
4 0.7652116402116402 0.527281746031746 0.09391534391534391 0.06299603174603174
6 0.8723544973544973 0.4489087301587302 0.10582010582010581 0.06646825396825397
6 0.7956349206349206 0.9350198412698413 0.07142857142857142 0.05357142857142857
2 0.20304232804232805 0.90625 0.026455026455026454 0.019345238095238096
2 0.2791005291005291 0.8814484126984127 0.026455026455026454 0.015376984126984126
2 0.41798941798941797 0.9816468253968254 0.021164021164021163 0.017361111111111112
2 0.167989417989418 0.8670634920634921 0.027116402116402115 0.014384920634920634
2 0.16335978835978837 0.9499007936507936 0.0291005291005291 0.01488095238095238
2 0.09259259259259259 0.9627976190476191 0.023809523809523808 0.017361111111111112
2 0.082010582010582 0.8898809523809523 0.021825396825396824 0.019345238095238096
2 0.0582010582010582 0.8616071428571429 0.023148148148148147 0.015376984126984126
2 0.08862433862433862 0.9900793650793651 0.026455026455026454 0.01984126984126984
2 0.5456349206349206 0.9895833333333334 0.03306878306878307 0.020833333333333332
2 0.6779100529100529 0.8224206349206349 0.05026455026455026 0.036210317460317464
2 0.32142857142857145 0.7162698412698413 0.03373015873015873 0.021825396825396824
4 0.07605820105820106 0.3253968253968254 0.06018518518518518 0.04017857142857143
5 0.10582010582010581 0.2683531746031746 0.05952380952380952 0.03373015873015873
5 0.31084656084656087 0.5307539682539683 0.04298941798941799 0.041666666666666664
5 0.25462962962962965 0.48214285714285715 0.046957671957671955 0.03373015873015873
5 0.6316137566137566 0.3333333333333333 0.07142857142857142 0.04712301587301587
5 0.4126984126984127 0.621031746031746 0.04365079365079365 0.03373015873015873
2 0.6527777777777778 0.8635912698412699 0.05092592592592592 0.04513888888888889
4 0.5 0.4558531746031746 0.0496031746031746 0.050595238095238096
2 0.40476190476190477 0.8665674603174603 0.06812169312169312 0.04811507936507937
0 0.501984126984127 0.25793650793650796 0.083994708994709 0.042162698412698416
0 0.43253968253968256 0.15426587301587302 0.0667989417989418 0.04662698412698413
5 0.35978835978835977 0.12351190476190477 0.06944444444444445 0.09623015873015874
0 0.6534391534391535 0.5322420634920635 0.082010582010582 0.061507936507936505
5 0.4662698412698413 0.5892857142857143 0.06746031746031746 0.057539682539682536
5 0.1541005291005291 0.48462301587301587 0.06746031746031746 0.04513888888888889
2 0.3869047619047619 0.7827380952380952 0.056878306878306875 0.04117063492063492
2 0.10912698412698413 0.8234126984126984 0.02447089947089947 0.020337301587301588
2 0.22288359788359788 0.9618055555555556 0.04894179894179894 0.04265873015873016
0 0.6011904761904762 0.7916666666666666 0.052248677248677246 0.041666666666666664
0 0.7824074074074074 0.7182539682539683 0.07671957671957672 0.060515873015873016
1 0.8736772486772487 0.8010912698412699 0.16534391534391535 0.08482142857142858
0 0.35714285714285715 0.6795634920634921 0.057539682539682536 0.023313492063492064
4 0.07142857142857142 0.5555555555555556 0.0582010582010582 0.049107142857142856
4 0.4193121693121693 0.4885912698412698 0.04828042328042328 0.04017857142857143
4 0.24404761904761904 0.34523809523809523 0.06415343915343916 0.0441468253968254
0 0.5793650793650794 0.19543650793650794 0.0787037037037037 0.09325396825396826
4 0.5191798941798942 0.14186507936507936 0.04894179894179894 0.04861111111111111
2 0.7962962962962963 0.32341269841269843 0.06613756613756613 0.05257936507936508
5 0.8935185185185185 0.623015873015873 0.07738095238095238 0.054563492063492064
2 0.6256613756613757 0.6780753968253969 0.05026455026455026 0.04712301587301587
2 0.4781746031746032 0.5223214285714286 0.036375661375661374 0.031746031746031744
0 0.5284391534391535 0.6527777777777778 0.041005291005291 0.030753968253968252
0 0.33664021164021163 0.6150793650793651 0.042328042328042326 0.025793650793650792
0 0.14285714285714285 0.6001984126984127 0.03902116402116402 0.025793650793650792
0 0.2724867724867725 0.589781746031746 0.047619047619047616 0.04117063492063492
0 0.14087301587301587 0.20734126984126985 0.0667989417989418 0.05952380952380952
0 0.10714285714285714 0.11607142857142858 0.05291005291005291 0.031746031746031744
5 0.15608465608465608 0.023809523809523808 0.08068783068783068 0.04117063492063492
4 0.05952380952380952 0.051587301587301584 0.07671957671957672 0.08581349206349206
0 0.6653439153439153 0.07490079365079365 0.0992063492063492 0.06944444444444445
0 0.42857142857142855 0.3055555555555556 0.06547619047619048 0.05555555555555555
0 0.47023809523809523 0.2926587301587302 0.05291005291005291 0.03968253968253968
4 0.18452380952380953 0.2718253968253968 0.047619047619047616 0.03571428571428571
0 0.3478835978835979 0.9310515873015873 0.04497354497354497 0.0441468253968254
0 0.5793650793650794 0.8754960317460317 0.09523809523809523 0.05505952380952381
6 0.7195767195767195 0.6334325396825397 0.08531746031746032 0.09027777777777778
0 0.18915343915343916 0.6453373015873016 0.046296296296296294 0.02628968253968254
4 0.22817460317460317 0.7003968253968254 0.04497354497354497 0.02976190476190476
0 0.031084656084656083 0.38244047619047616 0.046296296296296294 0.026785714285714284
4 0.05886243386243386 0.8139880952380952 0.04431216931216931 0.03819444444444445
7 0.021164021164021163 0.8501984126984127 0.03439153439153439 0.047619047619047616
4 0.02513227513227513 0.7767857142857143 0.027116402116402115 0.021825396825396824
4 0.01917989417989418 0.7574404761904762 0.031084656084656083 0.016865079365079364
7 0.13756613756613756 0.7390873015873016 0.05291005291005291 0.04662698412698413
0 0.458994708994709 0.3978174603174603 0.041666666666666664 0.030257936507936508
0 0.44246031746031744 0.4558531746031746 0.031746031746031744 0.034722222222222224
2 0.4808201058201058 0.9885912698412699 0.02513227513227513 0.022817460317460316
4 0.9186507936507936 0.04265873015873016 0.1626984126984127 0.08531746031746032