1 0.6038359788359788 0.10664682539682539 0.1302910052910053 0.09375
0 0.3802910052910053 0.049107142857142856 0.10582010582010581 0.07390873015873016
4 0.7784391534391535 0.13442460317460317 0.09523809523809523 0.06597222222222222
4 0.8968253968253969 0.2013888888888889 0.06084656084656084 0.0496031746031746
1 0.7751322751322751 0.4131944444444444 0.13690476190476192 0.05009920634920635
1 0.29828042328042326 0.2509920634920635 0.08465608465608465 0.044642857142857144
1 0.2533068783068783 0.11259920634920635 0.07076719576719577 0.07787698412698413
1 0.17724867724867724 0.6061507936507936 0.08994708994708994 0.03571428571428571
1 0.42394179894179895 0.5560515873015873 0.0958994708994709 0.039186507936507936
4 0.4636243386243386 0.5173611111111112 0.062169312169312166 0.03125
4 0.32076719576719576 0.5307539682539683 0.05555555555555555 0.025297619047619048
4 0.5753968253968254 0.4975198412698413 0.06878306878306878 0.03819444444444445
4 0.12764550264550265 0.32837301587301587 0.05291005291005291 0.034722222222222224
4 0.11507936507936507 0.5203373015873016 0.05357142857142857 0.017857142857142856
4 0.13558201058201058 0.5724206349206349 0.07671957671957672 0.03670634920634921
1 0.9034391534391535 0.31398809523809523 0.1349206349206349 0.054563492063492064
4 0.6170634920634921 0.3323412698412698 0.07341269841269842 0.03571428571428571
7 0.7400793650793651 0.65625 0.06283068783068783 0.0248015873015873
7 0.5998677248677249 0.5610119047619048 0.056878306878306875 0.030753968253968252
7 0.2275132275132275 0.6899801587301587 0.047619047619047616 0.023809523809523808
2 0.3273809523809524 0.8392857142857143 0.01917989417989418 0.017361111111111112
2 0.24603174603174602 0.8278769841269841 0.015873015873015872 0.013888888888888888
2 0.25595238095238093 0.751984126984127 0.023148148148148147 0.013888888888888888
2 0.30224867724867727 0.7415674603174603 0.01984126984126984 0.017361111111111112
2 0.5376984126984127 0.7380952380952381 0.0291005291005291 0.015873015873015872
2 0.48677248677248675 0.7752976190476191 0.031084656084656083 0.01636904761904762
2 0.7328042328042328 0.7093253968253969 0.02513227513227513 0.015873015873015872
2 0.8267195767195767 0.6765873015873016 0.02447089947089947 0.015376984126984126
2 0.623015873015873 0.6448412698412699 0.01917989417989418 0.015376984126984126
2 0.5522486772486772 0.7911706349206349 0.03306878306878307 0.01636904761904762
2 0.5515873015873016 0.8630952380952381 0.028439153439153438 0.022817460317460316
2 0.19444444444444445 0.7842261904761905 0.02976190476190476 0.016865079365079364
2 0.14087301587301587 0.685515873015873 0.02447089947089947 0.015376984126984126
2 0.28505291005291006 0.6681547619047619 0.027777777777777776 0.018353174603174604
2 0.2771164021164021 0.5739087301587301 0.032407407407407406 0.017361111111111112
2 0.45436507936507936 0.28174603174603174 0.04563492063492063 0.022817460317460316
2 0.8664021164021164 0.5863095238095238 0.03373015873015873 0.02132936507936508
2 0.9206349206349206 0.7013888888888888 0.0205026455026455 0.019345238095238096
2 0.7916666666666666 0.4806547619047619 0.03571428571428571 0.026785714285714284
4 0.40145502645502645 0.4087301587301587 0.062169312169312166 0.0496031746031746
3 0.7883597883597884 0.34325396825396826 0.09986772486772487 0.06001984126984127
7 0.18253968253968253 0.043154761904761904 0.06547619047619048 0.041666666666666664
7 0.09325396825396826 0.09672619047619048 0.047619047619047616 0.046130952380952384
7 0.29563492063492064 0.39831349206349204 0.05952380952380952 0.03273809523809524
7 0.13293650793650794 0.46875 0.03306878306878307 0.01984126984126984
7 0.17923280423280424 0.5213293650793651 0.03902116402116402 0.022321428571428572
7 0.6190476190476191 0.7410714285714286 0.03571428571428571 0.032242063492063495
2 0.08465608465608465 0.6944444444444444 0.031084656084656083 0.020337301587301588
2 0.021825396825396824 0.7028769841269841 0.022486772486772486 0.015873015873015872
2 0.028439153439153438 0.7762896825396826 0.028439153439153438 0.022321428571428572
5 0.1746031746031746 0.7375992063492064 0.05423280423280423 0.02976190476190476
7 0.2857142857142857 0.783234126984127 0.03042328042328042 0.018353174603174604
7 0.24801587301587302 0.5982142857142857 0.04365079365079365 0.022817460317460316
7 0.20436507936507936 0.560515873015873 0.05026455026455026 0.024305555555555556
6 0.3373015873015873 0.4623015873015873 0.05357142857142857 0.043154761904761904
6 0.4933862433862434 0.3715277777777778 0.08134920634920635 0.04365079365079365
6 0.3544973544973545 0.625 0.041005291005291 0.027777777777777776
6 0.5119047619047619 0.6240079365079365 0.07341269841269842 0.028769841269841268
0 0.43187830687830686 0.6393849206349206 0.05423280423280423 0.017361111111111112
0 0.5793650793650794 0.6711309523809523 0.05291005291005291 0.018849206349206348
0 0.6521164021164021 0.7078373015873016 0.04431216931216931 0.020833333333333332
6 0.6091269841269841 0.6096230158730159 0.03439153439153439 0.02628968253968254
0 0.5046296296296297 0.5729166666666666 0.04828042328042328 0.020337301587301588
5 0.4828042328042328 0.470734126984127 0.04431216931216931 0.027777777777777776
1 0.3776455026455027 0.5143849206349206 0.06018518518518518 0.032242063492063495
7 0.24206349206349206 0.48908730158730157 0.042328042328042326 0.02132936507936508
0 0.14351851851851852 0.15575396825396826 0.08002645502645503 0.04265873015873016
0 0.07407407407407407 0.2698412698412698 0.05092592592592592 0.03125
0 0.046296296296296294 0.31845238095238093 0.03505291005291005 0.03422619047619048
0 0.082010582010582 0.3725198412698413 0.04298941798941799 0.036210317460317464
0 0.5945767195767195 0.41617063492063494 0.052248677248677246 0.030257936507936508
0 0.7870370370370371 0.5486111111111112 0.036375661375661374 0.017361111111111112
0 0.671957671957672 0.53125 0.04497354497354497 0.02976190476190476
7 0.9788359788359788 0.6309523809523809 0.042328042328042326 0.03968253968253968
7 0.7387566137566137 0.878968253968254 0.046296296296296294 0.042162698412698416
7 0.9517195767195767 0.6775793650793651 0.07738095238095238 0.03819444444444445
1 0.6673280423280423 0.4791666666666667 0.07605820105820106 0.025793650793650792
4 0.876984126984127 0.5267857142857143 0.0667989417989418 0.027777777777777776
2 0.9808201058201058 0.5228174603174603 0.03835978835978836 0.023313492063492064
1 0.05291005291005291 0.41865079365079366 0.06613756613756613 0.037698412698412696
4 0.9398148148148148 0.032242063492063495 0.11970899470899471 0.06448412698412699
4 0.07076719576719577 0.5947420634920635 0.04298941798941799 0.026785714285714284
4 0.3478835978835979 0.5788690476190477 0.051587301587301584 0.022817460317460316
0 0.09523809523809523 0.1765873015873016 0.04894179894179894 0.034722222222222224