7 0.3082010582010582 0.9424603174603174 0.046957671957671955 0.025297619047619048
2 0.1335978835978836 0.9885912698412699 0.047619047619047616 0.022817460317460316
2 0.03373015873015873 0.8005952380952381 0.027777777777777776 0.025793650793650792
4 0.2718253968253968 0.7827380952380952 0.05092592592592592 0.08878968253968254
7 0.5046296296296297 0.7827380952380952 0.12962962962962962 0.057539682539682536
7 0.39351851851851855 0.6994047619047619 0.046957671957671955 0.042162698412698416
7 0.47659405158730156 0.07790534027777778 0.44055966269841274 0.0699112123015873 0.3975389523809524 0.07377043750000001 0.354886 0.0814889246031746 0.3467966507936508 0.08645080456349206 0.4883603915343915 0.21242740476190475 0.5188792936507937 0.1958878125 0.5015975185185185 0.10519567757936509 0.47659405158730156 0.07790534027777778
7 0.6234704444444444 0.028236839285714285 0.6006540621693122 0.04904820238095238 0.5820206507936508 0.07613149007936508 0.6063581706349206 0.11917965674603175 0.6884970304232804 0.15709625396825397 0.7200596904761906 0.16080238194444443 0.7649318333333333 0.11661387202380953 0.682792921957672 0.03194297817460317 0.6580752222222223 0.02339035615079365 0.6234704444444444 0.028236839285714285
7 0.560725458994709 0.3739898125 0.5500777579365079 0.3594503531746032 0.5204164669312169 0.35374862103174604 0.39910946825396826 0.4024985386904762 0.45843202513227516 0.4475422986111111 0.5322049682539682 0.4250204087301587 0.5660492314814815 0.39850729464285717 0.560725458994709 0.3739898125
7 0.5067266481481482 0.31982322916666667 0.4911354603174603 0.28846364087301585 0.46337556481481484 0.28504259821428574 0.3508148716931217 0.3412047748015873 0.38123667857142857 0.37769594146825397 0.4375170119047619 0.3762705009920635 0.4926565978835979 0.35203808531746034 0.5067266481481482 0.31982322916666667
7 0.6554132843915343 0.3269504107142857 0.6516105978835979 0.38026172619047616 0.6371602103174604 0.39936256249999996 0.5728941402116402 0.4139020218253968 0.5557818664021164 0.4287265376984127 0.6063581706349206 0.46550279067460315 0.6592160238095238 0.4560949007936508 0.7090318108465609 0.42701602182539683 0.7231018611111111 0.39280555357142855 0.7010460476190477 0.3409196984126984 0.6801310357142858 0.3260951527777778 0.6611173928571429 0.3209635932539682 0.6554132843915343 0.3269504107142857
7 0.6497092288359788 0.6259490783730159 0.7078909576719576 0.6390630773809524 0.7227215767195767 0.6134052311507936 0.6736664113756614 0.5971552658730158 0.6611173928571429 0.5980105238095238 0.6546527671957671 0.6039973611111111 0.6546527671957671 0.6037122748015873 0.6497092288359788 0.6259490783730159
7 0.7322320264550265 0.3257957847222222 0.7597251071428571 0.34844279563492064 0.8102987566137566 0.36421935714285714 0.8347370515873015 0.3494606527777778 0.8408466243386244 0.326050244047619 0.7705865304232804 0.2835552876984127 0.7515789933862433 0.2914435773809524 0.7390204153439154 0.30442107142857144 0.7322320264550265 0.3257957847222222
7 0.6898044206349205 0.20534150694444445 0.6908226666666667 0.2356223482142857 0.7247647288359789 0.26921116666666667 0.8007950119047619 0.2791351617063492 0.8306640171957672 0.2599562609126984 0.7329174986772488 0.16359301587301586 0.7118667658730159 0.1669179285714286 0.7006658664021164 0.1804043521825397 0.6898044206349205 0.20534150694444445
7 0.8304859537037037 0.02182343253968254 0.8152944775132275 0.011602595238095238 0.7962076812169312 0.0005056875 0.7408950846560846 0.00021366170634920637 0.7405055476190475 0.004301998015873016 0.7436217394179895 0.024451652777777777 0.7607608492063492 0.060078556547619046 0.7911438558201057 0.07321963194444445 0.8258116124338625 0.06124665773809524 0.8336598029100529 0.02965313988095238 0.8304859537037037 0.02182343253968254
7 0.9590946957671959 0.025337189484126985 0.9398900317460318 0.0317912996031746 0.9273076124338624 0.03427365277777778 0.9100896137566137 0.03079834722222222 0.8998315873015873 0.028009800595238096 0.8686594404761905 0.01948724007936508 0.8476250634920635 0.03146021924603175 0.8417821640211641 0.051609875992063486 0.8425612923280422 0.0662110744047619 0.9177396521164022 0.11877536507936508 0.9637036732804233 0.12315571726190476 0.9948656997354497 0.11527107242063492 0.998828619047619 0.11023343055555555 0.9981664576719577 0.000017251984126984126 0.9730015277777778 0.0005137281746031747 0.9710148637566137 0.013918388888888888 0.9590946957671959 0.025337189484126985
4 0.06481481481481481 0.23958333333333334 0.056216931216931214 0.04662698412698413
7 0.5125661375661376 0.2648809523809524 0.06481481481481481 0.04017857142857143
7 0.3578042328042328 0.48462301587301587 0.12962962962962962 0.06994047619047619
5 0.7960577843915344 0.5159425992063492 0.7812526124338625 0.5061117797619047 0.7546032804232805 0.5019891696428571 0.7169558253968253 0.548289181547619 0.731760996031746 0.5631939890873016 0.7524882473544974 0.5606569890873015 0.7880207288359787 0.5283104186507938 0.7960577843915344 0.5159425992063492
0 0.47035031216931217 0.5647217728174604 0.46907469841269844 0.5495576696428571 0.44750143915343915 0.5546316468253969 0.4356573082010582 0.5673165873015874 0.45384650793650794 0.5866611170634921 0.4830338915343916 0.5939549593253968 0.49995409523809525 0.5898323382936509 0.507145171957672 0.5806357628968254 0.49910808862433864 0.5727076865079366 0.482610873015873 0.5727076865079366 0.4754197962962963 0.5695364434523809 0.4724587566137566 0.5644624771825396 0.47035031216931217 0.5647217728174604
7 0.23412698412698413 0.5734126984126984 0.046296296296296294 0.023313492063492064
0 0.40674603174603174 0.6567460317460317 0.06349206349206349 0.030753968253968252
0 0.22486772486772486 0.6140873015873016 0.07275132275132275 0.03968253968253968
5 0.3505291005291005 0.6150793650793651 0.037037037037037035 0.03571428571428571
0 0.5370370370370371 0.8948412698412699 0.04298941798941799 0.033234126984126984
0 0.6494708994708994 0.8541666666666666 0.047619047619047616 0.041666666666666664
7 0.7546296296296297 0.8511904761904762 0.04563492063492063 0.036210317460317464
1 0.6501322751322751 0.9444444444444444 0.10052910052910052 0.07886904761904762
4 0.7314814814814815 0.6989087301587301 0.08994708994708994 0.044642857142857144
7 0.9034391534391535 0.8179563492063492 0.1931216931216931 0.06349206349206349
2 0.8406084656084656 0.6587301587301587 0.032407407407407406 0.028769841269841268
7 0.9362628756613757 0.6694507490079366 0.9571876494708995 0.6405976160714286 0.9598032777777777 0.6212688025793651 0.8779723743386243 0.5705657182539682 0.8607841335978835 0.5739272549603175 0.8577948875661375 0.5747676349206349 0.8555529272486772 0.5893342688492064 0.8581685052910053 0.6027803978174603 0.8477061441798942 0.6100637053571428 0.8305179537037037 0.619868179563492 0.8387383544973545 0.6349950674603174 0.8678836309523811 0.6310732777777778 0.8955342341269841 0.6366758263888889 0.9104805145502646 0.6638482003968255 0.9362628756613757 0.6694507490079366
4 0.9728835978835979 0.5525793650793651 0.05423280423280423 0.031746031746031744
5 0.8736839232804233 0.46258388194444444 0.8682572486772486 0.44813430654761904 0.8406066468253968 0.4458932857142857 0.8346281031746031 0.4338477986111111 0.8215501137566138 0.42292282837301587 0.7938995105820106 0.41844078472222224 0.7909102142857143 0.4450529057539683 0.8148242843915344 0.46886376190476187 0.8454642354497355 0.4814694920634921 0.8600367962962963 0.4755868075396825 0.860410515873016 0.47530667162698415 0.8667626256613757 0.4716650367063492 0.8736839232804233 0.46258388194444444
3 0.3268331891534392 0.7174167261904763 0.3037436283068783 0.7176571676587301 0.29604713756613754 0.7234271597222222 0.30085745634920635 0.746507246031746 0.3184953240740741 0.7847335704365079 0.37397438227513224 0.7356884682539683 0.37429508201058204 0.7303992589285714 0.3608261560846561 0.7267930049603175 0.3268331891534392 0.7174167261904763
7 0.0495919126984127 0.4566792837301587 0.06186290476190476 0.4741879325396825 0.08680072883597884 0.46795605555555553 0.11173855158730159 0.4548987509920635 0.13350967195767197 0.4501506626984127 0.15171824074074072 0.4471831071428572 0.15488494973544975 0.42314578571428574 0.15092656613756614 0.4121657906746032 0.15686413492063492 0.4008890496031746 0.16517675132275134 0.3860512113095238 0.19011457539682539 0.37744525992063493 0.21505239814814814 0.3783355267857143 0.22534418650793653 0.39406363095238095 0.22336500132275133 0.40801120238095234 0.20080221296296297 0.42255227480158725 0.17230184391534392 0.4418414662698413 0.14855153174603175 0.4569760496031746 0.1228220343915344 0.4756717202380953 0.1097593597883598 0.5029733313492063 0.1065926507936508 0.5213722569444444 0.12903426587301586 0.5330647797619048 0.1493367976190476 0.5404694057539683 0.16415214814814816 0.5400580535714286 0.165798291005291 0.5400580535714286 0.1729315992063492 0.5396466726190476 0.1734803134920635 0.5396466726190476 0.17732133465608463 0.5380012063492063 0.1784187632275132 0.5380012063492063 0.17828208465608467 0.5366518601190476 0.17819857275132275 0.53658925 0.1778645238095238 0.5358379523809523 0.1778645238095238 0.5357753422619048 0.17853261904761905 0.5352744791666667 0.17853261904761905 0.5352118690476191 0.17867873941798942 0.5351023244047619 0.1776139933862434 0.5357127410714285 0.17678384656084656 0.536459558531746 0.1769369470899471 0.534393494047619 0.17569321693121692 0.5337718869047618 0.1776536216931217 0.5345236875 0.31725960185185187 0.3877891081349206 0.33627570502645504 0.32415776686507936 0.32034542195767196 0.3133458194444444 0.3025326917989418 0.3044431170634921 0.2740323214285714 0.30830095436507937 0.2633447103174603 0.3118620367063492 0.24394860449735448 0.3050366388888889 0.22732338492063492 0.2925728521825397 0.19288543253968252 0.2890117757936508 0.15963500661375662 0.3062236607142857 0.13350967195767197 0.34331824603174604 0.10184258730158731 0.38338039087301584 0.057112843915343915 0.42314578571428574 0.0495919126984127 0.4566792837301587
0 0.05092592592592592 0.5753968253968254 0.10185185185185185 0.0763888888888889