4 0.5319770925925926 0.6950273779761904 0.5170802460317461 0.7353429632936509 0.5252289867724868 0.759429320436508 0.5552773637566137 0.7663110972222222 0.5588424087301588 0.7468126448412699 0.5573145092592593 0.7120212678571429 0.5319770925925926 0.6950273779761904
5 0.5904186441798942 0.7368722450396825 0.5664231679894179 0.7072255674603175 0.5384706335978836 0.7196677222222222 0.5649539246031746 0.7540767678571428 0.5873629246031746 0.7494889067460317 0.5904186441798942 0.7368722450396825
4 0.5165709603174603 0.7804570694444445 0.5445821507936508 0.7819863373015873 0.5450914761904762 0.7693696765873016 0.5252289867724868 0.7563707123015874 0.5119873029100529 0.7307550873015873 0.4951806111111111 0.7353429632936509 0.49670847089947084 0.7655464484126985 0.5165709603174603 0.7804570694444445
1 0.4689153439153439 0.7802579365079365 0.05952380952380952 0.059027777777777776
0 0.43584656084656087 0.8353174603174603 0.03505291005291005 0.037698412698412696
2 0.48743386243386244 0.8983134920634921 0.028439153439153438 0.017857142857142856
0 0.5767195767195767 0.9409722222222222 0.028439153439153438 0.027281746031746032
6 0.7235449735449735 0.9375 0.06481481481481481 0.08035714285714286
1 0.6276455026455027 0.9861111111111112 0.0496031746031746 0.027777777777777776
2 0.6825396825396826 0.9890873015873016 0.03042328042328042 0.021825396825396824
2 0.37367724867724866 0.9494047619047619 0.03439153439153439 0.02628968253968254
2 0.33465608465608465 0.8834325396825397 0.032407407407407406 0.03521825396825397
3 0.3551587301587302 0.8402777777777778 0.03571428571428571 0.040674603174603176
2 0.32407407407407407 0.8229166666666666 0.01984126984126984 0.017857142857142856
7 0.7398277632275133 0.7654671964285714 0.6910105648148148 0.7172008511904762 0.631477373015873 0.7623387867063492 0.6481465952380953 0.7989854533730159 0.6856525224867724 0.8347382787698413 0.779119615079365 0.8378666378968254 0.7398277632275133 0.7654671964285714
4 0.7314930621693121 0.7163070267857142 0.7344697208994708 0.6948553343253968 0.7195864232804233 0.6510581259920635 0.7023218346560846 0.6398853680555556 0.7011311891534391 0.6389915446428571 0.6421932751322751 0.6640185158730159 0.6386213386243387 0.6792134732142857 0.6838665092592592 0.7131786507936508 0.7314930621693121 0.7163070267857142
5 0.7193769695767195 0.6165668363095238 0.773552164021164 0.6594702371031745 0.818797425925926 0.6773466498015873 0.8509453121693122 0.6737713541666667 0.8503500343915344 0.6451691031746032 0.7420328478835979 0.5682755654761905 0.7425949232804232 0.567853628968254 0.7199722923280423 0.5620437817460318 0.7056843174603175 0.5884114890873016 0.7193769695767195 0.6165668363095238
6 0.5218253968253969 0.23363095238095238 0.10648148148148148 0.14186507936507936
0 0.6527777777777778 0.3100198412698413 0.12698412698412698 0.0873015873015873
4 0.5711393148148148 0.42538718253968255 0.5628046587301587 0.3976787232142857 0.5467307156084656 0.36505427281746033 0.5479213611111111 0.36505427281746033 0.5473260383597883 0.357456810515873 0.5217267936507937 0.3538815138888889 0.4937461666666667 0.3440495009920635 0.4687422447089947 0.34807168353174606 0.4604075886243386 0.36862956845238093 0.5032714682539683 0.41108603273809524 0.5270847447089947 0.43119699702380954 0.54256341005291 0.43521919642857143 0.5657813187830688 0.4320908382936508 0.5711393148148148 0.42538718253968255
3 0.509224787037037 0.4235995347222222 0.5056528042328042 0.4079576736111111 0.47350487169312167 0.3748863025793651 0.45956337698412697 0.378134308531746 0.45683560582010585 0.40393547420634923 0.47648153174603175 0.4267278938492064 0.509224787037037 0.4235995347222222
3 0.4109950224867725 0.3959608898809524 0.40682771693121694 0.4071336478174603 0.41575769576719573 0.41607185416666664 0.4306409933862434 0.4272446130952381 0.4395709722222222 0.4223285892857143 0.4407616177248677 0.41070892757936506 0.43659431216931216 0.39506706547619047 0.4245796746031746 0.38534032837301585 0.4139716812169312 0.3830004841269841 0.4109950224867725 0.3959608898809524
4 0.48743386243386244 0.5560515873015873 0.03571428571428571 0.02628968253968254
3 0.5370370370370371 0.591765873015873 0.03439153439153439 0.043154761904761904
1 0.6382275132275133 0.5287698412698413 0.08068783068783068 0.07688492063492064
7 0.5241080846560846 0.5619041934523809 0.5866179351851852 0.5940817569444445 0.6020966005291005 0.5905064603174603 0.5925712539682539 0.5538598452380952 0.559232675925926 0.4899516378968254 0.5455400701058201 0.481907255952381 0.5312520952380952 0.48101343154761905 0.5151781058201058 0.508721875 0.5229174391534391 0.5234699117063493 0.5241080846560846 0.5619041934523809
4 0.5860226124338624 0.7072896279761904 0.6175752208994709 0.7175685793650793 0.6419838201058201 0.7113118621031745 0.6091916732804232 0.6583502103174603 0.6026919232804232 0.6554480367063492 0.5526840343915345 0.6639393402777778 0.5520887116402117 0.6853910327380952 0.5860226124338624 0.7072896279761904
0 0.5979292513227513 0.6550011339285714 0.6318631970899471 0.6898601359126983 0.6586531322751323 0.7014797976190477 0.653890458994709 0.6594702371031745 0.6076841283068783 0.6171422847222222 0.5854272896825397 0.6317617936507937 0.5979292513227513 0.6550011339285714
3 0.43386243386243384 0.6924603174603174 0.031746031746031744 0.027281746031746032
7 0.40145502645502645 0.7380952380952381 0.06812169312169312 0.05654761904761905
2 0.3458994708994709 0.785218253968254 0.02513227513227513 0.017361111111111112
3 0.32605820105820105 0.7465277777777778 0.027777777777777776 0.015873015873015872
0 0.39814814814814814 0.5778769841269841 0.03968253968253968 0.036210317460317464
4 0.31812169312169314 0.5927579365079365 0.042328042328042326 0.0248015873015873
7 0.333994708994709 0.5510912698412699 0.06613756613756613 0.05009920634920635
0 0.37103174603174605 0.5079365079365079 0.03571428571428571 0.027777777777777776
3 0.4226190476190476 0.5163690476190477 0.04497354497354497 0.04563492063492063
3 0.44671493650793653 0.5105095059523809 0.46397957142857144 0.5140847847222222 0.4598122658730158 0.4903985416666667 0.43540366666666663 0.4439198779761904 0.42234646428571426 0.45512813095238097 0.4127810357142857 0.4729690486111111 0.4187343544973545 0.4881639890873016 0.43480829894179895 0.4948676448412699 0.44671493650793653 0.5105095059523809
3 0.9013090238095238 0.9563246716269842 0.9673712288359788 0.9372507251984127 0.9959558108465608 0.8967185892857142 0.94831483994709 0.8456957966269841 0.9248119801587302 0.8428346934523809 0.8689131732804233 0.8270986914682539 0.8682779695767195 0.8275755515873016 0.8689131732804233 0.8299597946428572 0.8676312857142857 0.8281461250000001 0.8365173227513227 0.9086398055555555 0.9013090238095238 0.9563246716269842
0 0.8250835185185186 0.9176999374999999 0.8466807195767196 0.9176999374999999 0.8517624431216931 0.8871816150793651 0.8409638412698413 0.8709687896825398 0.8003102037037036 0.8504642827380953 0.7818890185185186 0.8547559097222223 0.7882411481481482 0.8847973720238096 0.8250835185185186 0.9176999374999999
3 0.9001322751322751 0.5411706349206349 0.19973544973544974 0.11210317460317461
2 0.53505291005291 0.9226190476190477 0.031746031746031744 0.03521825396825397
4 0.3697089947089947 0.3090277777777778 0.0582010582010582 0.06299603174603174
4 0.33684845767195765 0.3185190029761905 0.33550163095238095 0.3164968819444445 0.32337998015873015 0.30284747916666666 0.3085646746031746 0.30537514583333336 0.3038507275132275 0.32054114384920634 0.3045241402116402 0.3362126686507937 0.3213597380952381 0.35390633432539687 0.3563777619047619 0.36603914087301587 0.3691728267195767 0.36199487797619045 0.3705196547619048 0.34935654563492063 0.36445887962962964 0.3382348095238095 0.34694981613756615 0.3291352142857143 0.336175044973545 0.31498026686507935 0.33684845767195765 0.3185190029761905
4 0.38227513227513227 0.43154761904761907 0.05357142857142857 0.05406746031746032
4 0.2824074074074074 0.4975198412698413 0.04365079365079365 0.02976190476190476
0 0.24537037037037038 0.4861111111111111 0.0205026455026455 0.01984126984126984
4 0.24537037037037038 0.5783730158730159 0.041005291005291 0.03571428571428571
4 0.19642857142857142 0.5376984126984127 0.032407407407407406 0.030257936507936508
0 0.2830687830687831 0.7574404761904762 0.017195767195767195 0.017857142857142856
0 0.27380952380952384 0.7301587301587301 0.013888888888888888 0.01488095238095238
0 0.2566137566137566 0.7455357142857143 0.012566137566137565 0.01984126984126984
0 0.28703703703703703 0.8249007936507936 0.01917989417989418 0.018849206349206348
2 0.2843915343915344 0.8501984126984127 0.017857142857142856 0.020833333333333332
2 0.2751322751322751 0.8511904761904762 0.012566137566137565 0.015376984126984126
0 0.3802910052910053 0.6155753968253969 0.03439153439153439 0.024305555555555556
4 0.49404761904761907 0.6274801587301587 0.051587301587301584 0.017857142857142856
3 0.5325625317460317 0.6255417023809523 0.5251805158730158 0.6234833898809524 0.5196967367724867 0.6299749910714285 0.5000816613756613 0.6329832976190476 0.49628520634920636 0.6374165853174604 0.49628520634920636 0.6448581805555557 0.5026126481481482 0.6524581051587302 0.5099946626984128 0.6540414236111112 0.5203294708994709 0.6527747698412699 0.5268678412698413 0.6489748174603175 0.5367808412698413 0.6503997936507936 0.5433191785714285 0.6497664761904762 0.543108283068783 0.6432748630952381 0.5325625317460317 0.6255417023809523
4 0.4107142857142857 0.0441468253968254 0.07275132275132275 0.0679563492063492
7 0.28505291005291006 0.034722222222222224 0.07936507936507936 0.05109126984126984
4 0.13161375661375663 0.2673611111111111 0.032407407407407406 0.025297619047619048
4 0.24801587301587302 0.3070436507936508 0.05357142857142857 0.03373015873015873
0 0.14087301587301587 0.20436507936507936 0.057539682539682536 0.044642857142857144
0 0.14616402116402116 0.06597222222222222 0.046296296296296294 0.044642857142857144
4 0.07341269841269842 0.07589285714285714 0.0496031746031746 0.03422619047619048
4 0.3094257724867725 0.15007998015873017 0.2894547605820106 0.11921401190476191 0.2874968214285714 0.11774420436507937 0.2647847341269841 0.09716689186507936 0.2526454828042328 0.10451593253968254 0.2953285806878307 0.1521377023809524 0.3098173253968254 0.15448940476190479 0.3094257724867725 0.15007998015873017
3 0.29650335714285714 0.1533135535714286 0.33762009656084657 0.1559592123015873 0.33017994841269843 0.1174502361111111 0.3180406970899471 0.11127706944444445 0.2839725529100529 0.10422196428571429 0.29650335714285714 0.1533135535714286
4 0.21693121693121692 0.4191468253968254 0.04497354497354497 0.027777777777777776
5 0.15806878306878308 0.49007936507936506 0.027777777777777776 0.020337301587301588
2 0.09391534391534391 0.5952380952380952 0.011904761904761904 0.008432539682539682
2 0.07208994708994709 0.5729166666666666 0.018518518518518517 0.009424603174603174
2 0.18783068783068782 0.6091269841269841 0.013888888888888888 0.00744047619047619
7 0.1788560277777778 0.5524085426587302 0.16871577513227515 0.5628594960317461 0.16906950793650793 0.5875555664682539 0.2079808611111111 0.628450125 0.22460663624338625 0.6236702430555556 0.19241631481481483 0.5668427321428572 0.1788560277777778 0.5524085426587302
4 0.5948136441798942 0.7911144861111111 0.5490688082010582 0.790493873015873 0.5537535119047619 0.8066296557539682 0.595364798941799 0.8459347430555556 0.6118990793650794 0.8511064662698412 0.6179616388888889 0.8407630208333333 0.6072143531746031 0.8318676656746031 0.5948136441798942 0.811801378968254 0.6030807843915345 0.801044193452381 0.5948136441798942 0.7911144861111111
3 0.6248509232804232 0.820489875 0.6099700661375661 0.7913213680555555 0.6089880145502646 0.7908501240079365 0.5904045066137565 0.8128357232142857 0.6138280701058201 0.8407630208333333 0.645243205026455 0.8420042470238095 0.6405584801587302 0.8250409851190476 0.6248509232804232 0.820489875
4 0.6168593505291005 0.7960793353174603 0.6383539219576719 0.7884251845238095 0.6193394960317461 0.7600841478174603 0.6190639298941799 0.7600841478174603 0.6006006375661376 0.7702207202380952 0.6168593505291005 0.7960793353174603
3 0.6962239007936508 0.8322813978174604 0.6953971785714286 0.8275234216269841 0.6448237605820106 0.785681505952381 0.6174105052910053 0.7875977132936508 0.6132769351851852 0.8020785376984128 0.6234730661375661 0.8200761279761906 0.6435897817460318 0.8291783640873016 0.6962239007936508 0.8322813978174604
2 0.4087301587301587 0.9841269841269841 0.05026455026455026 0.031746031746031744
3 0.22156084656084657 0.36904761904761907 0.056878306878306875 0.041666666666666664
3 0.2830687830687831 0.3635912698412698 0.042328042328042326 0.04117063492063492
4 0.13690476190476192 0.3333333333333333 0.0291005291005291 0.027777777777777776
4 0.10978835978835978 0.3685515873015873 0.03902116402116402 0.032242063492063495
7 0.1620773306878307 0.27995638293650793 0.1476853068783069 0.33366751984126986 0.18962779629629628 0.3453975347222222 0.1994965873015873 0.3274938263888889 0.18631428439153438 0.2769552390873016 0.1620773306878307 0.27995638293650793
4 0.1402116402116402 0.13194444444444445 0.0496031746031746 0.03521825396825397
0 0.1884920634920635 0.12748015873015872 0.03835978835978836 0.03422619047619048
3 0.2466931216931217 0.20287698412698413 0.05026455026455026 0.04811507936507937
2 0.33724885052910053 0.25737419345238094 0.3495848716931217 0.22002335317460317 0.3310808399470899 0.22465362301587302 0.3220344378306878 0.23700100992063491 0.33724885052910053 0.25737419345238094
4 0.3179224312169312 0.27929081250000004 0.32861361111111115 0.25922630853174605 0.32737999735449735 0.22033203273809523 0.3184548148148148 0.21024226686507935 0.2714567394179894 0.23977916468253968 0.3179224312169312 0.27929081250000004
6 0.06349206349206349 0.44742063492063494 0.016534391534391533 0.015873015873015872
5 0.04940833465608466 0.5218493075396825 0.08436039417989417 0.515058242063492 0.09052840476190477 0.5079584970238095 0.08148200132275132 0.5033282271825397 0.0448851335978836 0.5147495505952381 0.04940833465608466 0.5218493075396825
3 0.13095238095238096 0.5009920634920635 0.012566137566137565 0.013392857142857142
2 0.09325396825396826 0.4791666666666667 0.013227513227513227 0.008432539682539682
2 0.06349206349206349 0.4712301587301587 0.012566137566137565 0.006944444444444444
7 0.047619047619047616 0.48908730158730157 0.03042328042328042 0.023809523809523808
7 0.013888888888888888 0.498015873015873 0.021164021164021163 0.027281746031746032
2 0.005291005291005291 0.5133928571428571 0.007936507936507936 0.005952380952380952
2 0.041005291005291 0.5074404761904762 0.007936507936507936 0.005456349206349206
2 0.03306878306878307 0.5466269841269841 0.012566137566137565 0.00992063492063492
6 0.07671957671957672 0.41220238095238093 0.016534391534391533 0.011408730158730158
3 0.12764550264550265 0.4201388888888889 0.032407407407407406 0.026785714285714284
3 0.20977660582010582 0.46433755456349207 0.21717823015873017 0.4566204375 0.21306622354497357 0.43316039484126984 0.1822009603174603 0.4219499067460318 0.16947895634920634 0.4288388293650794 0.17030134523809523 0.4433469871031746 0.18551578968253968 0.4572377976190476 0.20977660582010582 0.46433755456349207
3 0.1672747552910053 0 0.16577814417989417 0.02134628273809524 0.21018783068783067 0.05098001785714286 0.22024920634920633 0.04789451488095238 0.23485987301587302 0.021654974206349206 0.220970708994709 0 0.1672747552910053 0
7 0.05357142857142857 0.022817460317460316 0.06481481481481481 0.04563492063492063
4 0.041005291005291 0.1259920634920635 0.03306878306878307 0.028273809523809524
3 0 0.1596402361111111 0.04159554761904762 0.17146344841269842 0.03871712301587302 0.13565601984126982 0.033371533068783064 0.13164312103174605 0.023091515873015875 0.1350386597222222 0.021857900793650794 0.1350386597222222 0 0.1310084880952381 0 0.1596402361111111
3 0.046296296296296294 0.19692460317460317 0.03571428571428571 0.032242063492063495
4 0.07079078968253968 0.20917117956349207 0.04940833465608466 0.2206407251984127 0.060099578042328045 0.24286601190476192 0.08189319576719577 0.2527439236111111 0.09093962962962963 0.2502744484126984 0.08436039417989417 0.20921938988095237 0.07079078968253968 0.20917117956349207
7 0.05423280423280423 0.26587301587301587 0.03042328042328042 0.03571428571428571
4 0.2328042328042328 0.6056547619047619 0.03571428571428571 0.03373015873015873
0 0.2810846560846561 0.6999007936507936 0.016534391534391533 0.019345238095238096
0 0.2791005291005291 0.6646825396825397 0.0205026455026455 0.02132936507936508
4 0.31547619047619047 0.6810515873015873 0.027116402116402115 0.020337301587301588
3 0.2698412698412698 0.6254960317460317 0.0291005291005291 0.03670634920634921
4 0.3062169312169312 0.6349206349206349 0.0701058201058201 0.06001984126984127
3 0.25396825396825395 0.6810515873015873 0.027116402116402115 0.02628968253968254
7 0.25925925925925924 0.7142857142857143 0.021825396825396824 0.03422619047619048
3 0.24272486772486773 0.7118055555555556 0.011904761904761904 0.017857142857142856
3 0.31613756613756616 0.47966269841269843 0.05092592592592592 0.04513888888888889
0 0.33134920634920634 0.41617063492063494 0.03835978835978836 0.054563492063492064
3 0.3578042328042328 0.10863095238095238 0.07142857142857142 0.06696428571428571
5 0.2777777777777778 0.533234126984127 0.03571428571428571 0.02628968253968254
5 0.016534391534391533 0.30357142857142855 0.03306878306878307 0.025793650793650792
3 0.037698412698412696 0.2976190476190476 0.021825396825396824 0.026785714285714284
4 0.05026455026455026 0.3427579365079365 0.017857142857142856 0.011904761904761904
4 0.02976190476190476 0.3298611111111111 0.023148148148148147 0.015376984126984126
5 0.016534391534391533 0.3402777777777778 0.0205026455026455 0.012896825396825396
0 0.057539682539682536 0.3288690476190476 0.008597883597883597 0.006944444444444444
7 0.021164021164021163 0.3804563492063492 0.023148148148148147 0.01636904761904762
7 0.04431216931216931 0.3943452380952381 0.021164021164021163 0.021825396825396824
0 0.009259259259259259 0.4226190476190476 0.01521164021164021 0.014384920634920634
6 0.10515873015873016 0.4677579365079365 0.022486772486772486 0.013888888888888888
3 0.06349206349206349 0.4201388888888889 0.02447089947089947 0.017361111111111112
3 0.10449735449735449 0.44841269841269843 0.017195767195767195 0.009424603174603174
7 0.09126984126984126 0.4320436507936508 0.027116402116402115 0.02132936507936508