7 0.7109788359788359 0.8531746031746031 0.041666666666666664 0.028769841269841268
7 0.701058201058201 0.7574404761904762 0.03042328042328042 0.020833333333333332
7 0.6951058201058201 0.7053571428571429 0.04298941798941799 0.02628968253968254
7 0.6865079365079365 0.5709325396825397 0.04828042328042328 0.04117063492063492
7 0.6236772486772487 0.3998015873015873 0.04365079365079365 0.03125
7 0.6633597883597884 0.24107142857142858 0.05489417989417989 0.03869047619047619
7 0.8128306878306878 0.11607142857142858 0.08333333333333333 0.08234126984126984
7 0.9788359788359788 0.279265873015873 0.042328042328042326 0.04017857142857143
7 0.669973544973545 0.96875 0.05555555555555555 0.026785714285714284
7 0.7665343915343915 0.8943452380952381 0.01917989417989418 0.02132936507936508
7 0.8101851851851852 0.8377976190476191 0.03439153439153439 0.027281746031746032
4 0.5370370370370371 0.7698412698412699 0.05952380952380952 0.029265873015873016
2 0.6428571428571429 0.6676587301587301 0.031746031746031744 0.030753968253968252
4 0.7394179894179894 0.6160714285714286 0.05026455026455026 0.030753968253968252
4 0.5291005291005291 0.6190476190476191 0.0496031746031746 0.031746031746031744
2 0.46494708994708994 0.529265873015873 0.031084656084656083 0.022817460317460316
2 0.582010582010582 0.5287698412698413 0.037037037037037035 0.02132936507936508
2 0.3472222222222222 0.4756944444444444 0.04497354497354497 0.018353174603174604
2 0.19907407407407407 0.527281746031746 0.03835978835978836 0.027281746031746032
4 0.3439153439153439 0.6279761904761905 0.05291005291005291 0.02628968253968254
4 0.7268518518518519 0.4880952380952381 0.037037037037037035 0.027777777777777776
4 0.7579365079365079 0.37202380952380953 0.0291005291005291 0.030753968253968252
4 0.7506613756613757 0.25148809523809523 0.03902116402116402 0.046130952380952384
4 0.6514550264550265 0.16021825396825398 0.046296296296296294 0.04811507936507937
4 0.6474867724867724 0.08482142857142858 0.047619047619047616 0.04117063492063492
2 0.1984126984126984 0.4211309523809524 0.0667989417989418 0.042162698412698416
1 0.5661375661375662 0.2698412698412698 0.13624338624338625 0.05704365079365079
1 0.3392857142857143 0.1939484126984127 0.11441798941798942 0.0689484126984127
1 0.2524335595238095 0.10242787003968254 0.30370988624338624 0.15073446329365078 0.4032813584656084 0.15565457936507934 0.4080512486772487 0.1458143482142857 0.4080512486772487 0.14536706448412698 0.40387759523809524 0.1377632490079365 0.3967227592592593 0.1337376994047619 0.2846303227513227 0.03712451190476191 0.26316581349206347 0.042491910714285715 0.2524335595238095 0.10242787003968254
2 0.12896825396825398 0.20932539682539683 0.042328042328042326 0.025297619047619048
2 0.5145502645502645 0.9905753968253969 0.0582010582010582 0.018849206349206348