6 0.2943121693121693 0.5625 0.1111111111111111 0.07886904761904762
6 0.7605820105820106 0.5396825396825397 0.09722222222222222 0.07043650793650794
6 0.10582010582010581 0.48660714285714285 0.0787037037037037 0.059027777777777776
4 0.9318783068783069 0.7028769841269841 0.06349206349206349 0.03422619047619048
4 0.7473544973544973 0.7663690476190477 0.06878306878306878 0.04811507936507937
4 0.6878306878306878 0.47867063492063494 0.09722222222222222 0.08035714285714286
4 0.5 0.3427579365079365 0.1865079365079365 0.14384920634920634
4 0.5224867724867724 0.07291666666666667 0.125 0.09375
4 0.4537037037037037 0.14583333333333334 0.07208994708994709 0.05555555555555555
4 0.07407407407407407 0.9250992063492064 0.08068783068783068 0.07886904761904762
4 0.7440476190476191 0.8869047619047619 0.08531746031746032 0.06646825396825397
5 0.8776455026455027 0.5669642857142857 0.08862433862433862 0.05853174603174603
5 0.32142857142857145 0.2544642857142857 0.14947089947089948 0.08134920634920635
1 0.22552910052910052 0.1909722222222222 0.2552910052910053 0.16468253968253968
4 0.6335978835978836 0.14583333333333334 0.07208994708994709 0.04712301587301587
5 0.6832010582010583 0.19543650793650794 0.04828042328042328 0.03968253968253968
0 0.4384920634920635 0.9231150793650794 0.06944444444444445 0.054563492063492064
0 0.6620370370370371 0.972718253968254 0.056878306878306875 0.034722222222222224
0 0.2533068783068783 0.972718253968254 0.08068783068783068 0.047619047619047616
0 0.873015873015873 0.4603174603174603 0.04563492063492063 0.04513888888888889
0 0.1283068783068783 0.6279761904761905 0.15145502645502645 0.09226190476190477
0 0.21693121693121692 0.8234126984126984 0.0496031746031746 0.03670634920634921
0 0.1931216931216931 0.5446428571428571 0.0992063492063492 0.044642857142857144
0 0.6064814814814815 0.7073412698412699 0.08597883597883597 0.047619047619047616
4 0.14814814814814814 0.06498015873015874 0.12566137566137567 0.05555555555555555
4 0.7883597883597884 0.9737103174603174 0.057539682539682536 0.03521825396825397
4 0.5515873015873016 0.4593253968253968 0.11706349206349206 0.10367063492063493
0 0.7751322751322751 0.4350198412698413 0.08862433862433862 0.046130952380952384
5 0.8802910052910053 0.21180555555555555 0.041666666666666664 0.02628968253968254
5 0.6474867724867724 0.36607142857142855 0.047619047619047616 0.041666666666666664
5 0.7923280423280423 0.6949404761904762 0.04894179894179894 0.043154761904761904
0 0.6957671957671958 0.6502976190476191 0.16005291005291006 0.1572420634920635
7 0.798941798941799 0.24057539682539683 0.07208994708994709 0.057539682539682536
0 0.9451058201058201 0.3978174603174603 0.07804232804232804 0.06944444444444445
0 0.9437830687830688 0.8055555555555556 0.06481481481481481 0.04017857142857143
0 0.056216931216931214 0.1875 0.06812169312169312 0.044642857142857144
0 0.026455026455026454 0.1284722222222222 0.05291005291005291 0.037698412698412696
7 0.9662698412698413 0.4990079365079365 0.06746031746031746 0.09226190476190477