4 0.673941798941799 0.8432539682539683 0.07076719576719577 0.03869047619047619
4 0.673941798941799 0.6597222222222222 0.05291005291005291 0.032242063492063495
4 0.5191798941798942 0.7113095238095238 0.07076719576719577 0.025297619047619048
4 0.5965608465608465 0.6547619047619048 0.07076719576719577 0.03571428571428571
4 0.4351851851851852 0.59375 0.06944444444444445 0.04712301587301587
4 0.4398148148148148 0.5406746031746031 0.0787037037037037 0.041666666666666664
4 0.289021164021164 0.6612103174603174 0.06084656084656084 0.03571428571428571
0 0.289021164021164 0.5416666666666666 0.06349206349206349 0.026785714285714284
4 0.5218253968253969 0.48561507936507936 0.06878306878306878 0.052083333333333336
4 0.6666666666666666 0.48214285714285715 0.0582010582010582 0.02976190476190476
4 0.6633597883597884 0.42757936507936506 0.06283068783068783 0.03125
4 0.6613756613756614 0.375 0.05423280423280423 0.03819444444444445
4 0.5813492063492064 0.2683531746031746 0.06084656084656084 0.046130952380952384
4 0.37103174603174605 0.375 0.05555555555555555 0.049107142857142856
4 0.37103174603174605 0.32341269841269843 0.06944444444444445 0.0496031746031746
4 0.36904761904761907 0.2698412698412698 0.06349206349206349 0.041666666666666664
4 0.44113756613756616 0.16517857142857142 0.06547619047619048 0.033234126984126984
4 0.44775132275132273 0.11706349206349206 0.06084656084656084 0.03968253968253968
0 0.27645502645502645 0.966765873015873 0.05291005291005291 0.02132936507936508
0 0.07936507936507936 0.8402777777777778 0.04497354497354497 0.042162698412698416
0 0.44047619047619047 0.7202380952380952 0.061507936507936505 0.02976190476190476
4 0.20899470899470898 0.658234126984127 0.06812169312169312 0.046130952380952384
4 0.16005291005291006 0.7797619047619048 0.06944444444444445 0.05257936507936508
0 0.3664021164021164 0.5997023809523809 0.052248677248677246 0.03125
2 0.21428571428571427 0.5461309523809523 0.03571428571428571 0.028769841269841268
4 0.041005291005291 0.5967261904761905 0.04497354497354497 0.03373015873015873
1 0.14682539682539683 0.4816468253968254 0.07076719576719577 0.04017857142857143
1 0.07605820105820106 0.42956349206349204 0.07539682539682539 0.03571428571428571
4 0.5138888888888888 0.8427579365079365 0.051587301587301584 0.03670634920634921
4 0.5185185185185185 0.9771825396825397 0.0701058201058201 0.03571428571428571
1 0.36904761904761907 0.4871031746031746 0.1130952380952381 0.05505952380952381
4 0.37566137566137564 0.43154761904761907 0.1388888888888889 0.049107142857142856
0 0.44246031746031744 0.22271825396825398 0.07738095238095238 0.028769841269841268
0 0.4398148148148148 0.27529761904761907 0.06481481481481481 0.03968253968253968
0 0.22420634920634921 0.42857142857142855 0.09722222222222222 0.04811507936507937
1 0.22288359788359788 0.37103174603174605 0.09722222222222222 0.06597222222222222
4 0.22883597883597884 0.2743055555555556 0.07539682539682539 0.03720238095238095
0 0.31283068783068785 0.07738095238095238 0.12301587301587301 0.09226190476190477
4 0.17923280423280424 0.12748015873015872 0.05555555555555555 0.04513888888888889
4 0.05026455026455026 0.19444444444444445 0.0667989417989418 0.03968253968253968
4 0.0992063492063492 0.05406746031746032 0.05423280423280423 0.04265873015873016
0 0.28703703703703703 0.5987103174603174 0.07605820105820106 0.031746031746031744
4 0.08333333333333333 0.658234126984127 0.07275132275132275 0.04017857142857143
4 0.13227513227513227 0.5972222222222222 0.07605820105820106 0.041666666666666664
2 0.09259259259259259 0.5436507936507936 0.05092592592592592 0.029265873015873016
7 0.2824074074074074 0.7743055555555556 0.167989417989418 0.08878968253968254
4 0.15674603174603174 0.904265873015873 0.06878306878306878 0.053075396825396824
2 0.7857142857142857 0.19246031746031747 0.05357142857142857 0.032242063492063495
2 0.9431216931216931 0.13045634920634921 0.03505291005291005 0.025793650793650792
4 0.2996031746031746 0.16815476190476192 0.07407407407407407 0.036210317460317464
4 0.15013227513227514 0.33134920634920634 0.08862433862433862 0.05406746031746032
2 0.07936507936507936 0.8998015873015873 0.04298941798941799 0.024305555555555556