4 0.7255291005291006 0.373015873015873 0.11441798941798942 0.07837301587301587
4 0.8564814814814815 0.43353174603174605 0.06481481481481481 0.06101190476190476
4 0.830026455026455 0.6135912698412699 0.10317460317460317 0.039186507936507936
4 0.5826719576719577 0.6577380952380952 0.06084656084656084 0.057539682539682536
6 0.37566137566137564 0.6130952380952381 0.0873015873015873 0.05505952380952381
6 0.19047619047619047 0.5009920634920635 0.07407407407407407 0.05704365079365079
4 0.15343915343915343 0.4290674603174603 0.0787037037037037 0.05704365079365079
6 0.335978835978836 0.27331349206349204 0.0667989417989418 0.05803571428571429
0 0.5529100529100529 0.9528769841269841 0.03835978835978836 0.049107142857142856
0 0.3273809523809524 0.873015873015873 0.07076719576719577 0.040674603174603176
1 0.4276918187830688 0.977940125 0.5070314880952381 0.9534550833333333 0.5643324272486773 0.916396699404762 0.5458197843915343 0.8899264176587302 0.515170291005291 0.8768187787698413 0.43474426058201054 0.8886028988095238 0.3897851283068783 0.925661308531746 0.385377369047619 0.9574256666666666 0.4276918187830688 0.977940125
4 0.708994708994709 0.6736111111111112 0.06547619047619048 0.041666666666666664
4 0.5046296296296297 0.31994047619047616 0.05092592592592592 0.04513888888888889
0 0.22354497354497355 0.5982142857142857 0.0873015873015873 0.053075396825396824
4 0.5119047619047619 0.42956349206349204 0.0701058201058201 0.04365079365079365
5 0.71494708994709 0.5833333333333334 0.07605820105820106 0.04265873015873016
5 0.2638888888888889 0.7847222222222222 0.08994708994708994 0.05109126984126984
4 0.4298941798941799 0.8149801587301587 0.07671957671957672 0.044642857142857144
7 0.41534391534391535 0.6989087301587301 0.06415343915343916 0.040674603174603176
4 0.05886243386243386 0.3318452380952381 0.0873015873015873 0.06746031746031746
0 0.09457671957671958 0.5654761904761905 0.08597883597883597 0.09424603174603174
5 0.20436507936507936 0.96875 0.07208994708994709 0.034722222222222224
4 0.06547619047619048 0.9702380952380952 0.05952380952380952 0.034722222222222224
4 0.333994708994709 0.9702380952380952 0.05423280423280423 0.054563492063492064
4 0.7248677248677249 0.933531746031746 0.12037037037037036 0.056051587301587304
4 0.8015873015873016 0.8214285714285714 0.06349206349206349 0.047619047619047616
5 0.6415343915343915 0.404265873015873 0.0582010582010582 0.03373015873015873
7 0.26587301587301587 0.35615079365079366 0.12632275132275134 0.1076388888888889
3 0.7328042328042328 0.8561507936507936 0.09193121693121693 0.057539682539682536
5 0.04497354497354497 0.8819444444444444 0.08928571428571429 0.05257936507936508
4 0.8181216931216931 0.5173611111111112 0.08597883597883597 0.053075396825396824