5 0.7943121693121693 0.4439484126984127 0.07738095238095238 0.062003968253968256
6 0.6785714285714286 0.33878968253968256 0.06746031746031746 0.050595238095238096
4 0.5958994708994709 0.32688492063492064 0.056216931216931214 0.053075396825396824
4 0.5601851851851852 0.4384920634920635 0.05026455026455026 0.05853174603174603
5 0.751984126984127 0.5322420634920635 0.06878306878306878 0.04265873015873016
1 0.6177248677248677 0.6334325396825397 0.08796296296296297 0.07291666666666667
7 0.5443121693121693 0.6994047619047619 0.04034391534391534 0.040674603174603176
2 0.7341269841269841 0.7911706349206349 0.036375661375661374 0.0248015873015873
2 0.623015873015873 0.816468253968254 0.027777777777777776 0.020337301587301588
7 0.5205026455026455 0.7514880952380952 0.05423280423280423 0.036210317460317464
3 0.5218253968253969 0.8834325396825397 0.028439153439153438 0.026785714285714284
7 0.4695767195767196 0.47271825396825395 0.05886243386243386 0.05009920634920635
4 0.5072751322751323 0.2931547619047619 0.061507936507936505 0.040674603174603176
0 0.4537037037037037 0.29464285714285715 0.04365079365079365 0.04017857142857143
6 0.24074074074074073 0.35119047619047616 0.04431216931216931 0.039186507936507936
3 0.1626984126984127 0.32837301587301587 0.06283068783068783 0.02628968253968254
5 0.4087301587301587 0.41964285714285715 0.04298941798941799 0.03968253968253968
4 0.38227513227513227 0.46726190476190477 0.04034391534391534 0.027777777777777776
6 0.876984126984127 0.23412698412698413 0.16005291005291006 0.1076388888888889
4 0.2916666666666667 0.6800595238095238 0.046957671957671955 0.023809523809523808
2 0.4523809523809524 0.7847222222222222 0.03306878306878307 0.0248015873015873
7 0.2863756613756614 0.7529761904761905 0.04497354497354497 0.025793650793650792
5 0.4166666666666667 0.5709325396825397 0.06746031746031746 0.028769841269841268
5 0.31084656084656087 0.1974206349206349 0.03902116402116402 0.03968253968253968
1 0.24074074074074073 0.7068452380952381 0.082010582010582 0.043154761904761904
1 0.39814814814814814 0.6899801587301587 0.06613756613756613 0.07589285714285714
6 0.0958994708994709 0.5515873015873016 0.09656084656084656 0.04861111111111111
0 0.17526455026455026 0.47470238095238093 0.042328042328042326 0.030753968253968252
0 0.22685185185185186 0.4097222222222222 0.06878306878306878 0.03571428571428571
4 0.3134920634920635 0.3933531746031746 0.047619047619047616 0.04117063492063492
7 0.12896825396825398 0.39831349206349204 0.10383597883597884 0.062003968253968256
0 0.06481481481481481 0.4513888888888889 0.057539682539682536 0.03720238095238095
0 0.09391534391534391 0.5 0.05555555555555555 0.022817460317460316
5 0.16732804232804233 0.5481150793650794 0.04034391534391534 0.03125
5 0.5013227513227513 0.5853174603174603 0.05489417989417989 0.018353174603174604
2 0.37433862433862436 0.748015873015873 0.032407407407407406 0.01984126984126984
4 0.15079365079365079 0.06101190476190476 0.06415343915343916 0.08333333333333333
4 0.30952380952380953 0.7896825396825397 0.04431216931216931 0.022817460317460316
2 0.3683862433862434 0.7886904761904762 0.018518518518518517 0.017857142857142856
2 0.037698412698412696 0.8492063492063492 0.021825396825396824 0.019345238095238096
4 0.2923280423280423 0.46279761904761907 0.07076719576719577 0.04365079365079365
7 0.29894179894179895 0.5228174603174603 0.06283068783068783 0.06498015873015874