4 0.38227513227513227 0.5069444444444444 0.08465608465608465 0.05555555555555555
4 0.14682539682539683 0.5267857142857143 0.08333333333333333 0.05555555555555555
4 0.25992063492063494 0.35466269841269843 0.08267195767195767 0.0496031746031746
4 0.39880952380952384 0.7301587301587301 0.08928571428571429 0.061507936507936505
5 0.2724867724867725 0.6016865079365079 0.13690476190476192 0.06646825396825397
0 0.2718253968253968 0.5109126984126984 0.07208994708994709 0.02976190476190476
0 0.416005291005291 0.3943452380952381 0.08796296296296297 0.04563492063492063
7 0.5628306878306878 0.36607142857142855 0.07208994708994709 0.04265873015873016
4 0.8386243386243386 0.34771825396825395 0.08796296296296297 0.05704365079365079
0 0.7486772486772487 0.41517857142857145 0.04365079365079365 0.025297619047619048
4 0.8544973544973545 0.42063492063492064 0.056216931216931214 0.026785714285714284
1 0.7162698412698413 0.5084325396825397 0.10648148148148148 0.04861111111111111
2 0.5502645502645502 0.7435515873015873 0.04365079365079365 0.023809523809523808
2 0.14682539682539683 0.7658730158730159 0.03505291005291005 0.020833333333333332
2 0.10912698412698413 0.8010912698412699 0.031084656084656083 0.02132936507936508
2 0.12896825396825398 0.6686507936507936 0.0291005291005291 0.02132936507936508
0 0.023809523809523808 0.7857142857142857 0.047619047619047616 0.02976190476190476
2 0.2466931216931217 0.783234126984127 0.04497354497354497 0.02976190476190476
2 0.38955026455026454 0.8239087301587301 0.03505291005291005 0.023313492063492064
2 0.6712962962962963 0.8115079365079365 0.026455026455026454 0.017857142857142856
2 0.7447089947089947 0.78125 0.03306878306878307 0.019345238095238096
2 0.7724867724867724 0.7400793650793651 0.02447089947089947 0.01984126984126984
2 0.7678571428571429 0.6721230158730159 0.03042328042328042 0.025297619047619048
2 0.7215608465608465 0.6592261904761905 0.02513227513227513 0.013888888888888888
2 0.8862433862433863 0.7380952380952381 0.022486772486772486 0.023313492063492064
2 0.8584656084656085 0.722718253968254 0.03306878306878307 0.021825396825396824
7 0.6316137566137566 0.6726190476190477 0.06878306878306878 0.053075396825396824
7 0.5370370370370371 0.6106150793650794 0.061507936507936505 0.04513888888888889
4 0.6190476190476191 0.44345238095238093 0.07539682539682539 0.030753968253968252
4 0.503968253968254 0.5243055555555556 0.05291005291005291 0.03521825396825397
4 0.8756613756613757 0.24156746031746032 0.05952380952380952 0.04563492063492063
7 0.3683862433862434 0.27380952380952384 0.05291005291005291 0.039186507936507936
5 0.10648148148148148 0.2003968253968254 0.08465608465608465 0.057539682539682536
1 0.25396825396825395 0.06349206349206349 0.17526455026455026 0.10813492063492064
1 0.13624338624338625 0.10515873015873016 0.10251322751322751 0.0744047619047619
2 0.8558201058201058 0.6795634920634921 0.016534391534391533 0.02132936507936508
2 0.9014550264550265 0.6011904761904762 0.017857142857142856 0.013392857142857142
2 0.9001322751322751 0.5763888888888888 0.01917989417989418 0.018849206349206348
4 0.8492063492063492 0.527281746031746 0.036375661375661374 0.023809523809523808
4 0.7638888888888888 0.5610119047619048 0.041666666666666664 0.017361111111111112
4 0.8240740740740741 0.5833333333333334 0.05026455026455026 0.0248015873015873
4 0.666005291005291 0.5580357142857143 0.03835978835978836 0.032242063492063495
0 0.7493386243386243 0.17559523809523808 0.07936507936507936 0.05704365079365079
5 0.9675925925925926 0.6944444444444444 0.021164021164021163 0.025297619047619048
7 0.9007936507936508 0.6622023809523809 0.031084656084656083 0.030753968253968252
4 0.91005291005291 0.6264880952380952 0.027777777777777776 0.021825396825396824
2 0.9755291005291006 0.5739087301587301 0.018518518518518517 0.012896825396825396
7 0.9794973544973545 0.5962301587301587 0.023148148148148147 0.016865079365079364
1 0.9206349206349206 0.4652777777777778 0.11970899470899471 0.10515873015873016
2 0.9477513227513228 0.1691468253968254 0.04894179894179894 0.04365079365079365
7 0.8498677248677249 0.11259920634920635 0.15873015873015872 0.1865079365079365
2 0.023148148148148147 0.3020833333333333 0.046296296296296294 0.044642857142857144
6 0.4279100529100529 0.025297619047619048 0.13095238095238096 0.050595238095238096
2 0.919973544973545 0.7316468253968254 0.03505291005291005 0.028273809523809524
5 0.6051587301587301 0.5208333333333334 0.07142857142857142 0.031746031746031744