4 0.20304232804232805 0.21478174603174602 0.07142857142857142 0.060515873015873016
7 0.34854497354497355 0.17212301587301587 0.07539682539682539 0.07886904761904762
7 0.2943121693121693 0.4131944444444444 0.08465608465608465 0.13839285714285715
7 0.792989417989418 0.5138888888888888 0.13161375661375663 0.09573412698412699
7 0.305053294973545 0.6866682876984127 0.3566777182539682 0.7492280882936507 0.3805043756613757 0.7700813551587301 0.41028769576719576 0.7581652033730159 0.41128047354497355 0.7306091001984127 0.38068073148148146 0.6807102123015872 0.3765332658730159 0.6702835783730159 0.3795115978835979 0.6606017043650794 0.3953960357142857 0.6404931964285714 0.41525158333333334 0.6196399305555556 0.4212082473544973 0.6032552202380953 0.38149715211640217 0.601020941468254 0.3616416044973545 0.5965523849206349 0.34476439021164024 0.6054894990079365 0.3189521785714286 0.6181504107142857 0.2961182989417989 0.6390036775793652 0.305053294973545 0.6866682876984127
7 0.9036980462962964 0.502712683531746 0.9027052698412699 0.5332478244047619 0.892777496031746 0.5667620029761905 0.8669652843915344 0.5965523849206349 0.8262614126984127 0.6077237777777778 0.808669208994709 0.6144266130952382 0.7776153214285714 0.6226189682539682 0.7716586574074075 0.6531541091269841 0.8024347552910053 0.6740073759920635 0.8590230661375661 0.6948606428571429 0.9374524775132275 0.6717730972222222 0.9622719113756614 0.6382589186507936 0.9533369153439154 0.6218742093253968 0.9662430211640212 0.5831467132936508 0.9821274589947089 0.5451639771825397 0.9592935793650794 0.4826041765873016 0.9235535939153439 0.48185941666666665 0.9036980462962964 0.502712683531746
4 0.6842942486772488 0.8244488015873016 0.7249981216931216 0.8326411557539682 0.7418753359788359 0.7983822182539683 0.7418753359788359 0.7857213055555555 0.7319475634920635 0.7656127986111111 0.7011714642857143 0.7492280882936507 0.6614603690476191 0.7603994821428571 0.6842942486772488 0.8244488015873016
4 0.7537886640211641 0.7671023174603175 0.7259908981481481 0.8214697628968254 0.7279764537037037 0.844557308531746 0.7885358730158729 0.8549839424603174 0.837181962962963 0.8326411557539682 0.7699417129629629 0.7671023174603175 0.7726514351851852 0.7581652033730159 0.7597453293650794 0.7596547222222222 0.7537886640211641 0.7671023174603175
5 0.6223544973544973 0.9037698412698413 0.0582010582010582 0.017857142857142856
2 0.3630952380952381 0.9320436507936508 0.023148148148148147 0.017857142857142856
2 0.4080687830687831 0.9717261904761905 0.02447089947089947 0.018849206349206348
0 0.4384920634920635 0.8209325396825397 0.028439153439153438 0.025297619047619048
0 0.5767195767195767 0.8616071428571429 0.03571428571428571 0.03373015873015873
2 0.7328042328042328 0.9474206349206349 0.02447089947089947 0.01984126984126984
7 0.24074074074074073 0.9315476190476191 0.05952380952380952 0.05952380952380952
1 0.1567332976190476 0.7358670029761905 0.21119719444444443 0.7427482847222223 0.22782301587301584 0.7362970833333333 0.21865014947089945 0.6911386755952381 0.21119719444444443 0.6859777152777778 0.20259763227513228 0.6864077956349206 0.15444007936507936 0.7246849216269841 0.1567332976190476 0.7358670029761905
4 0.15674603174603174 0.7524801587301587 0.0496031746031746 0.026785714285714284
7 0.15013227513227514 0.6775793650793651 0.05291005291005291 0.05357142857142857
7 0.26521164021164023 0.6408730158730159 0.04431216931216931 0.03373015873015873
7 0.4808201058201058 0.7098214285714286 0.0496031746031746 0.023809523809523808
7 0.6071428571428571 0.6701388888888888 0.03373015873015873 0.018849206349206348
0 0.38095238095238093 0.566468253968254 0.028439153439153438 0.023313492063492064
0 0.37433862433862436 0.4965277777777778 0.02976190476190476 0.02132936507936508
2 0.5535714285714286 0.5595238095238095 0.025793650793650792 0.016865079365079364
2 0.7466931216931217 0.6254960317460317 0.023148148148148147 0.019345238095238096
2 0.753968253968254 0.7058531746031746 0.01917989417989418 0.018849206349206348
0 0.6574074074074074 0.7023809523809523 0.04894179894179894 0.029265873015873016
4 0.6845238095238095 0.5297619047619048 0.037698412698412696 0.030753968253968252
2 0.58994708994709 0.48115079365079366 0.027777777777777776 0.023313492063492064
2 0.4603174603174603 0.5128968253968254 0.026455026455026454 0.014384920634920634
7 0.4576719576719577 0.49206349206349204 0.047619047619047616 0.019345238095238096
0 0.460978835978836 0.46726190476190477 0.06812169312169312 0.027281746031746032
4 0.41534391534391535 0.470734126984127 0.02447089947089947 0.027281746031746032
4 0.4914021164021164 0.3784722222222222 0.041666666666666664 0.04017857142857143
1 0.3974867724867725 0.23958333333333334 0.023809523809523808 0.0441468253968254
4 0.5879629629629629 0.3010912698412698 0.027116402116402115 0.04811507936507937
5 0.6335978835978836 0.33134920634920634 0.028439153439153438 0.042162698412698416
4 0.7526455026455027 0.3531746031746032 0.03505291005291005 0.019345238095238096
7 0.7156084656084656 0.3501984126984127 0.03505291005291005 0.026785714285714284
4 0.48214285714285715 0.26884920634920634 0.042328042328042326 0.037698412698412696
4 0.47354497354497355 0.15823412698412698 0.04563492063492063 0.04265873015873016
7 0.7447089947089947 0.08531746031746032 0.04497354497354497 0.07589285714285714
4 0.593915343915344 0.17956349206349206 0.036375661375661374 0.016865079365079364
4 0.6395502645502645 0.1636904761904762 0.03968253968253968 0.018353174603174604
4 0.7843915343915344 0.034722222222222224 0.03968253968253968 0.03571428571428571
4 0.07275132275132275 0.5560515873015873 0.031746031746031744 0.027777777777777776
2 0.14153439153439154 0.49950396825396826 0.013227513227513227 0.017857142857142856
7 0.057539682539682536 0.4965277777777778 0.041666666666666664 0.03273809523809524
4 0.01521164021164021 0.560515873015873 0.03042328042328042 0.03273809523809524
7 0.09372045767195768 0.08380222718253968 0.08688928174603175 0.07807473710317461 0.053537068783068784 0.07506026785714286 0.04710772619047619 0.09254418551587301 0.042285719576719574 0.12479900000000001 0.02380135978835979 0.13414385218253969 0.0012986626984126985 0.13504819345238095 0.0021023306878306877 0.20679254563492064 0.05273340079365079 0.21161569444444445 0.10698097486772487 0.1856912648809524 0.12305433068783068 0.14680462003968256 0.09372045767195768 0.08380222718253968
2 0.9067460317460317 0.34871031746031744 0.027116402116402115 0.015873015873015872
3 0.9603174603174603 0.43253968253968256 0.01984126984126984 0.025297619047619048
4 0.9345238095238095 0.38938492063492064 0.041005291005291 0.03273809523809524
2 0.9682539682539683 0.6597222222222222 0.027116402116402115 0.01488095238095238
0 0.955026455026455 0.7743055555555556 0.04563492063492063 0.024305555555555556
0 0.9755291005291006 0.7529761904761905 0.03571428571428571 0.014384920634920634
1 0.9794973544973545 0.8303571428571429 0.027777777777777776 0.014384920634920634
4 0.9847883597883598 0.4107142857142857 0.02447089947089947 0.023313492063492064
7 0.9728835978835979 0.35367063492063494 0.05092592592592592 0.06994047619047619
1 0.878968253968254 0.024305555555555556 0.10052910052910052 0.04861111111111111
1 0.8829365079365079 0.48313492063492064 0.05291005291005291 0.023313492063492064
0 0.9775132275132276 0.22569444444444445 0.04298941798941799 0.013888888888888888
0 0.8988095238095238 0.19593253968253968 0.051587301587301584 0.01240079365079365
0 0.8683862433862434 0.18154761904761904 0.03373015873015873 0.010416666666666666
1 0.9623015873015873 0.2013888888888889 0.07539682539682539 0.01984126984126984
7 0.9338624338624338 0.09325396825396826 0.13095238095238096 0.0625
4 0.31216931216931215 0.7490079365079365 0.03968253968253968 0.023313492063492064