2 0.6944444444444444 0.8452380952380952 0.052248677248677246 0.030257936507936508
2 0.6395502645502645 0.902281746031746 0.04365079365079365 0.03125
2 0.4966931216931217 0.8993055555555556 0.04431216931216931 0.025793650793650792
2 0.5099206349206349 0.7465277777777778 0.046957671957671955 0.0248015873015873
4 0.6871693121693122 0.4270833333333333 0.1455026455026455 0.09871031746031746
7 0.5191798941798942 0.4117063492063492 0.16468253968253968 0.15079365079365079
6 0.38492063492063494 0.33134920634920634 0.08664021164021164 0.1130952380952381
4 0.15079365079365079 0.373015873015873 0.11441798941798942 0.08928571428571429
0 0.32936507936507936 0.4513888888888889 0.09060846560846561 0.04563492063492063
7 0.25925925925925924 0.2857142857142857 0.12301587301587301 0.08630952380952381
7 0.21362433862433863 0.6299603174603174 0.10714285714285714 0.09672619047619048
1 0.3419312169312169 0.6661706349206349 0.07936507936507936 0.02976190476190476
5 0.28703703703703703 0.7862103174603174 0.083994708994709 0.03720238095238095
3 0.19510582010582012 0.7356150793650794 0.041666666666666664 0.025297619047619048
2 0.16468253968253968 0.7847222222222222 0.03835978835978836 0.022321428571428572
2 0.14947089947089948 0.8139880952380952 0.03439153439153439 0.017857142857142856
4 0.3478835978835979 0.9265873015873016 0.08994708994708994 0.060515873015873016
2 0.2744708994708995 0.8392857142857143 0.05291005291005291 0.034722222222222224
1 0.5575396825396826 0.6393849206349206 0.09391534391534391 0.07093253968253968
3 0.718915343915344 0.6870039682539683 0.10912698412698413 0.07936507936507936
3 0.8121693121693122 0.5863095238095238 0.12103174603174603 0.0818452380952381
4 0.14417989417989419 0.5069444444444444 0.07142857142857142 0.05654761904761905
3 0.027777777777777776 0.2777777777777778 0.05555555555555555 0.06646825396825397
3 0.44246031746031744 0.7713293650793651 0.1164021164021164 0.10863095238095238
3 0.29563492063492064 0.5218253968253969 0.07539682539682539 0.07787698412698413
7 0.6997354497354498 0.7802579365079365 0.1302910052910053 0.0744047619047619