4 0.7433862433862434 0.2554563492063492 0.14153439153439154 0.10615079365079365
5 0.7056878306878307 0.43898809523809523 0.051587301587301584 0.049107142857142856
4 0.9404761904761905 0.5684523809523809 0.11838624338624339 0.054563492063492064
4 0.9708994708994709 0.6944444444444444 0.0582010582010582 0.0496031746031746
4 0.7585978835978836 0.7584325396825397 0.082010582010582 0.04017857142857143
4 0.6746031746031746 0.816468253968254 0.06944444444444445 0.030257936507936508
0 0.9067460317460317 0.7529761904761905 0.07076719576719577 0.04017857142857143
4 0.794973544973545 0.847718253968254 0.08068783068783068 0.061507936507936505
4 0.917989417989418 0.9117063492063492 0.07473544973544974 0.057539682539682536
1 0.5727513227513228 0.11755952380952381 0.09656084656084656 0.18204365079365079
1 0.6633597883597884 0.07589285714285714 0.13624338624338625 0.15178571428571427
2 0.4834656084656085 0.9012896825396826 0.03042328042328042 0.0248015873015873
2 0.5152116402116402 0.9360119047619048 0.02976190476190476 0.026785714285714284
2 0.39880952380952384 0.8943452380952381 0.03042328042328042 0.020337301587301588
2 0.23875661375661375 0.8209325396825397 0.032407407407407406 0.020337301587301588
2 0.16137566137566137 0.8060515873015873 0.02976190476190476 0.020833333333333332
2 0.2003968253968254 0.8070436507936508 0.03439153439153439 0.02628968253968254
2 0.3220899470899471 0.8194444444444444 0.0205026455026455 0.017857142857142856
4 0.5112433862433863 0.345734126984127 0.052248677248677246 0.040674603174603176
6 0.4880952380952381 0.4459325396825397 0.03902116402116402 0.051587301587301584
0 0.44576719576719576 0.4459325396825397 0.04431216931216931 0.043154761904761904
0 0.4503968253968254 0.5 0.05291005291005291 0.04513888888888889
5 0.5257936507936508 0.5307539682539683 0.05026455026455026 0.047619047619047616
2 0.5152116402116402 0.6056547619047619 0.03902116402116402 0.029265873015873016
7 0.4947089947089947 0.6532738095238095 0.046296296296296294 0.04017857142857143
1 0.6044973544973545 0.2986111111111111 0.1335978835978836 0.09126984126984126
4 0.41798941798941797 0.35119047619047616 0.05291005291005291 0.0496031746031746
1 0.48412698412698413 0.7490079365079365 0.062169312169312166 0.039186507936507936
2 0.5291005291005291 0.7579365079365079 0.03373015873015873 0.030257936507936508
7 0.33664021164021163 0.7862103174603174 0.046957671957671955 0.03273809523809524
5 0.32605820105820105 0.6934523809523809 0.031746031746031744 0.028273809523809524
4 0.25396825396825395 0.283234126984127 0.0496031746031746 0.02628968253968254
4 0.291005291005291 0.3705357142857143 0.037037037037037035 0.03869047619047619
7 0.3578042328042328 0.33382936507936506 0.037037037037037035 0.03125
5 0.8174603174603174 0.6845238095238095 0.13227513227513227 0.06001984126984127
6 0.7970620687830688 0.5249807470238096 0.7988251468253967 0.5097603392857143 0.7885388981481481 0.49735449305555557 0.7503397923280424 0.47998127281746034 0.6983282857142857 0.4912311478174603 0.710669958994709 0.525642494047619 0.7697340423280423 0.5355688492063492 0.7970620687830688 0.5249807470238096
1 1 0.48300049206349205 0.9724909735449735 0.4733637023809524 0.8949143822751323 0.43895233134920636 0.8640600661375661 0.4151290882936508 0.8429027407407407 0.40057042757936506 0.8146931071428573 0.3760854117063492 0.7811941084656085 0.3701296011904762 0.7379981203703703 0.3932910853174603 0.7256564484126984 0.4157908353174603 0.734471966931217 0.4601285615079365 0.7997067513227514 0.5004957311507937 0.8719939788359788 0.5296130505952381 0.9381103703703704 0.5289512787698413 0.9874773293650794 0.5097603392857143 1 0.4983455406746032 1 0.48300049206349205
4 0.25992063492063494 0.4880952380952381 0.037698412698412696 0.03373015873015873
4 0.2156084656084656 0.5069444444444444 0.03306878306878307 0.028273809523809524
4 0.23677248677248677 0.3834325396825397 0.03968253968253968 0.03521825396825397
4 0.2638888888888889 0.39037698412698413 0.02513227513227513 0.018353174603174604
4 0.34854497354497355 0.2628968253968254 0.02447089947089947 0.030257936507936508
4 0.38227513227513227 0.7023809523809523 0.021825396825396824 0.033234126984126984
4 0.1693121693121693 0.6840277777777778 0.03571428571428571 0.018849206349206348
4 0.1574074074074074 0.660218253968254 0.026455026455026454 0.015873015873015872
4 0.1593915343915344 0.6066468253968254 0.028439153439153438 0.020833333333333332
4 0.2414021164021164 0.6170634920634921 0.03306878306878307 0.023809523809523808
4 0.1970899470899471 0.6170634920634921 0.02513227513227513 0.020337301587301588
4 0.22420634920634921 0.5744047619047619 0.031746031746031744 0.022817460317460316
4 0.3783068783068783 0.5892857142857143 0.04298941798941799 0.037698412698412696
4 0.12103174603174603 0.4126984126984127 0.052248677248677246 0.018849206349206348
4 0.07539682539682539 0.4156746031746032 0.03373015873015873 0.024305555555555556
4 0.07341269841269842 0.503968253968254 0.04894179894179894 0.023809523809523808
4 0.14814814814814814 0.3100198412698413 0.07738095238095238 0.03571428571428571
4 0.09391534391534391 0.3298611111111111 0.05952380952380952 0.023809523809523808
4 0.15674603174603174 0.36408730158730157 0.03439153439153439 0.022817460317460316
1 0.24933862433862433 0.3482142857142857 0.062169312169312166 0.025793650793650792
0 0.42658730158730157 0.5218253968253969 0.036375661375661374 0.03720238095238095
0 0.5152116402116402 0.6974206349206349 0.03902116402116402 0.03720238095238095
5 0.43584656084656087 0.6393849206349206 0.03571428571428571 0.04117063492063492
1 0.4041005291005291 0.6949404761904762 0.03505291005291005 0.056051587301587304
7 0.32275132275132273 0.7509920634920635 0.03042328042328042 0.020337301587301588
7 0.21031746031746032 0.6780753968253969 0.03042328042328042 0.028769841269841268
7 0.2156084656084656 0.4568452380952381 0.03042328042328042 0.020337301587301588
6 0.328042328042328 0.3229166666666667 0.023148148148148147 0.03422619047619048
5 0.3115079365079365 0.2961309523809524 0.025793650793650792 0.028273809523809524
5 0.36243386243386244 0.470734126984127 0.027777777777777776 0.040674603174603176
5 0.2824074074074074 0.4181547619047619 0.02447089947089947 0.03521825396825397
5 0.20304232804232805 0.4290674603174603 0.04431216931216931 0.027281746031746032
5 0.2962962962962963 0.71875 0.028439153439153438 0.022321428571428572
4 0.082010582010582 0.27380952380952384 0.04034391534391534 0.022321428571428572
4 0.3525132275132275 0.10069444444444445 0.051587301587301584 0.04861111111111111
5 0.34325396825396826 0.15873015873015872 0.03042328042328042 0.041666666666666664
1 0.39087301587301587 0.19940476190476192 0.06547619047619048 0.18948412698412698
4 0.3101851851851852 0.21031746031746032 0.03835978835978836 0.08531746031746032
4 0.2962962962962963 0.4806547619047619 0.0291005291005291 0.03571428571428571
4 0.38756613756613756 0.5555555555555556 0.032407407407407406 0.023809523809523808
4 0.3253968253968254 0.5064484126984127 0.0291005291005291 0.020833333333333332
4 0.27843915343915343 0.5500992063492064 0.031746031746031744 0.023313492063492064
7 0.36243386243386244 0.5178571428571429 0.031746031746031744 0.0248015873015873
4 0.20899470899470898 0.5962301587301587 0.03042328042328042 0.01984126984126984
7 0.2585978835978836 0.595734126984127 0.0291005291005291 0.020833333333333332
2 0.3835978835978836 0.8536706349206349 0.0205026455026455 0.018849206349206348
2 0.3306878306878307 0.8511904761904762 0.037698412698412696 0.023313492063492064
2 0.3941798941798942 0.7738095238095238 0.018518518518518517 0.017857142857142856
2 0.44841269841269843 0.8134920634920635 0.018518518518518517 0.023809523809523808
2 0.2533068783068783 0.7926587301587301 0.02513227513227513 0.013888888888888888
2 0.24272486772486773 0.7395833333333334 0.0205026455026455 0.012896825396825396
2 0.17261904761904762 0.7509920634920635 0.01984126984126984 0.013888888888888888
2 0.15343915343915343 0.7678571428571429 0.015873015873015872 0.012896825396825396
2 0.13095238095238096 0.7594246031746031 0.013888888888888888 0.010416666666666666
2 0.11772486772486772 0.777281746031746 0.01455026455026455 0.00992063492063492
0 0.13161375661375663 0.7113095238095238 0.03835978835978836 0.030753968253968252
4 0.23544973544973544 0.6493055555555556 0.025793650793650792 0.024305555555555556
5 0.16137566137566137 0.6443452380952381 0.021164021164021163 0.01984126984126984
2 0.13161375661375663 0.6155753968253969 0.015873015873015872 0.010912698412698412
2 0.18584656084656084 0.5783730158730159 0.015873015873015872 0.013888888888888888
5 0.2638888888888889 0.6463293650793651 0.02447089947089947 0.013888888888888888
5 0.3306878306878307 0.6195436507936508 0.03042328042328042 0.022321428571428572
2 0.32142857142857145 0.660218253968254 0.01917989417989418 0.017857142857142856
4 0.373015873015873 0.6671626984126984 0.028439153439153438 0.020337301587301588
2 0.5694444444444444 0.9260912698412699 0.04497354497354497 0.05009920634920635
2 0.5806878306878307 0.9722222222222222 0.031084656084656083 0.032242063492063495
2 0.16005291005291006 0.5213293650793651 0.01455026455026455 0.010416666666666666
2 0.19973544973544974 0.47371031746031744 0.013888888888888888 0.00992063492063492
2 0.10846560846560846 0.5629960317460317 0.017857142857142856 0.01240079365079365
2 0.056216931216931214 0.5560515873015873 0.01917989417989418 0.01240079365079365
2 0.05026455026455026 0.5362103174603174 0.016534391534391533 0.011408730158730158
2 0.33664021164021163 0.5575396825396826 0.018518518518518517 0.015873015873015872
2 0.25793650793650796 0.5684523809523809 0.016534391534391533 0.011408730158730158
0 0.18783068783068782 0.6597222222222222 0.021825396825396824 0.013888888888888888
0 0.4279100529100529 0.566468253968254 0.03571428571428571 0.027777777777777776
2 0.1693121693121693 0.5843253968253969 0.01521164021164021 0.014384920634920634
2 0.7671957671957672 0.9236111111111112 0.10317460317460317 0.05257936507936508