5 0.2771164021164021 0.1314484126984127 0.03968253968253968 0.030753968253968252
4 0.23015873015873015 0.20734126984126985 0.03042328042328042 0.03521825396825397
6 0.2585978835978836 0.25992063492063494 0.037698412698412696 0.03125
3 0.2923280423280423 0.2718253968253968 0.027116402116402115 0.026785714285714284
4 0.31746031746031744 0.3179563492063492 0.03835978835978836 0.03720238095238095
4 0.23875661375661375 0.3472222222222222 0.03042328042328042 0.02132936507936508
4 0.3531746031746032 0.5436507936507936 0.03902116402116402 0.032242063492063495
4 0.18121693121693122 0.48115079365079366 0.025793650793650792 0.018353174603174604
5 0.2275132275132275 0.4836309523809524 0.03505291005291005 0.020337301587301588
4 0.31547619047619047 0.6175595238095238 0.03902116402116402 0.03869047619047619
4 0.4166666666666667 0.8343253968253969 0.0582010582010582 0.037698412698412696
2 0.34325396825396826 0.9409722222222222 0.0291005291005291 0.016865079365079364
2 0.24338624338624337 0.7708333333333334 0.023148148148148147 0.020833333333333332
2 0.17724867724867724 0.5902777777777778 0.018518518518518517 0.013392857142857142
2 0.2400793650793651 0.5833333333333334 0.026455026455026454 0.016865079365079364
1 0.2526455026455027 0.7068452380952381 0.03968253968253968 0.0441468253968254
7 0.27314814814814814 0.8774801587301587 0.03439153439153439 0.026785714285714284
4 0.289021164021164 0.4722222222222222 0.0582010582010582 0.03819444444444445
2 0.830026455026455 0.8546626984126984 0.026455026455026454 0.019345238095238096
2 0.8366402116402116 0.9246031746031746 0.023809523809523808 0.030753968253968252
2 0.7314814814814815 0.8735119047619048 0.02976190476190476 0.024305555555555556
2 0.6302910052910053 0.8566468253968254 0.027777777777777776 0.020833333333333332
2 0.7982804232804233 0.8854166666666666 0.02513227513227513 0.03125
2 0.625 0.7941468253968254 0.021825396825396824 0.013888888888888888
2 0.7242063492063492 0.7986111111111112 0.02513227513227513 0.023313492063492064
2 0.8822751322751323 0.6661706349206349 0.01455026455026455 0.013392857142857142
4 0.6779100529100529 0.626984126984127 0.04431216931216931 0.03373015873015873
5 0.75 0.6364087301587301 0.025793650793650792 0.03422619047619048
4 0.7222222222222222 0.5778769841269841 0.03505291005291005 0.02628968253968254
2 0.673941798941799 0.5500992063492064 0.01984126984126984 0.018849206349206348
4 0.6726190476190477 0.49702380952380953 0.03439153439153439 0.03273809523809524
4 0.5681216931216931 0.44047619047619047 0.05423280423280423 0.03968253968253968
4 0.7156084656084656 0.5054563492063492 0.04497354497354497 0.04017857142857143
0 0.7354497354497355 0.4558531746031746 0.0205026455026455 0.019345238095238096
0 0.7784391534391535 0.4117063492063492 0.0205026455026455 0.017857142857142856
6 0.8366402116402116 0.41617063492063494 0.02513227513227513 0.024305555555555556
7 0.8935185185185185 0.4027777777777778 0.037698412698412696 0.036210317460317464
4 0.6772486772486772 0.42311507936507936 0.028439153439153438 0.022321428571428572
7 0.5740740740740741 0.3288690476190476 0.036375661375661374 0.04662698412698413
4 0.7017195767195767 0.3655753968253968 0.03306878306878307 0.03670634920634921
7 0.7837301587301587 0.3382936507936508 0.04563492063492063 0.024305555555555556
7 0.9054232804232805 0.27529761904761907 0.03373015873015873 0.03521825396825397
2 0.8855820105820106 0.2326388888888889 0.026455026455026454 0.018353174603174604
2 0.7645502645502645 0.20684523809523808 0.0205026455026455 0.01240079365079365
2 0.7321428571428571 0.2326388888888889 0.022486772486772486 0.022321428571428572
2 0.6686507936507936 0.31299603174603174 0.023809523809523808 0.014384920634920634
7 0.5707671957671958 0.24305555555555555 0.04298941798941799 0.04365079365079365
7 0.5634920634920635 0.12549603174603174 0.04298941798941799 0.03571428571428571
4 0.8736772486772487 0.1314484126984127 0.06349206349206349 0.053075396825396824
0 0.7526455026455027 0.1423611111111111 0.03042328042328042 0.020337301587301588
4 0.6421957671957672 0.14186507936507936 0.046957671957671955 0.0441468253968254
4 0.7473544973544973 0.030753968253968252 0.04034391534391534 0.030257936507936508
0 0.8994708994708994 0.05009920634920635 0.041005291005291 0.02628968253968254
4 0.3955026455026455 0.6066468253968254 0.05092592592592592 0.051587301587301584
4 0.8743386243386243 0.5818452380952381 0.04365079365079365 0.034722222222222224
4 0.798941798941799 0.23462301587301587 0.04828042328042328 0.03521825396825397
1 0.2466931216931217 0.04712301587301587 0.052248677248677246 0.09424603174603174
2 0.21031746031746032 0.09126984126984126 0.01455026455026455 0.01240079365079365