1 0.2175925925925926 0.7450396825396826 0.03571428571428571 0.037698412698412696
1 0.2056878306878307 0.6626984126984127 0.0291005291005291 0.020833333333333332
6 0.2771164021164021 0.7316468253968254 0.031084656084656083 0.027281746031746032
4 0.3558201058201058 0.7197420634920635 0.026455026455026454 0.03125
4 0.5615079365079365 0.5327380952380952 0.03571428571428571 0.024305555555555556
4 0.42923280423280424 0.6488095238095238 0.02976190476190476 0.0248015873015873
4 0.34854497354497355 0.6215277777777778 0.0205026455026455 0.02132936507936508
4 0.35383597883597884 0.5481150793650794 0.01917989417989418 0.01984126984126984
4 0.3392857142857143 0.4965277777777778 0.01984126984126984 0.019345238095238096
4 0.38227513227513227 0.4965277777777778 0.021825396825396824 0.019345238095238096
4 0.30092592592592593 0.27132936507936506 0.02976190476190476 0.04265873015873016
4 0.3419312169312169 0.3492063492063492 0.0291005291005291 0.04513888888888889
4 0.3194444444444444 0.4885912698412698 0.01984126984126984 0.014384920634920634
4 0.3082010582010582 0.4280753968253968 0.023809523809523808 0.018353174603174604
4 0.2533068783068783 0.44246031746031744 0.037037037037037035 0.024305555555555556
4 0.2638888888888889 0.21577380952380953 0.025793650793650792 0.037698412698412696
4 0.4669312169312169 0.16170634920634921 0.021164021164021163 0.019345238095238096
5 0.2718253968253968 0.5753968253968254 0.025793650793650792 0.017857142857142856
5 0.2400793650793651 0.5168650793650794 0.018518518518518517 0.013888888888888888
5 0.2923280423280423 0.5391865079365079 0.016534391534391533 0.010912698412698412
5 0.19113756613756613 0.7222222222222222 0.017857142857142856 0.01240079365079365
5 0.5548941798941799 0.6537698412698413 0.052248677248677246 0.022321428571428572
5 0.6494708994708994 0.49255952380952384 0.023148148148148147 0.023809523809523808
5 0.583994708994709 0.20833333333333334 0.021825396825396824 0.01240079365079365
4 0.4417989417989418 0.21676587301587302 0.02447089947089947 0.018353174603174604
4 0.4755291005291005 0.21478174603174602 0.021164021164021163 0.016865079365079364
4 0.23875661375661375 0.3333333333333333 0.023148148148148147 0.016865079365079364
0 0.3373015873015873 0.1314484126984127 0.022486772486772486 0.01636904761904762
0 0.335978835978836 0.07043650793650794 0.0205026455026455 0.014384920634920634
0 0.5502645502645502 0.2584325396825397 0.02976190476190476 0.017361111111111112
0 0.5198412698412699 0.4246031746031746 0.042328042328042326 0.03125
0 0.27380952380952384 0.6731150793650794 0.021825396825396824 0.01240079365079365
0 0.24603174603174602 0.5595238095238095 0.017195767195767195 0.011408730158730158
0 0.2976190476190476 0.4632936507936508 0.02513227513227513 0.017361111111111112
0 0.5886243386243386 0.24404761904761904 0.03373015873015873 0.018353174603174604
0 0.6428571428571429 0.3382936507936508 0.03571428571428571 0.018353174603174604
0 0.6951058201058201 0.5297619047619048 0.03505291005291005 0.025793650793650792
0 0.2791005291005291 0.40327380952380953 0.01917989417989418 0.013888888888888888
0 0.24206349206349206 0.4935515873015873 0.018518518518518517 0.014384920634920634
0 0.5291005291005291 0.09474206349206349 0.016534391534391533 0.012896825396825396
0 0.5462962962962963 0.12202380952380952 0.01521164021164021 0.01240079365079365
0 0.593915343915344 0.16121031746031747 0.03373015873015873 0.01636904761904762
7 0.3869047619047619 0.19692460317460317 0.03042328042328042 0.023313492063492064
7 0.2175925925925926 0.33382936507936506 0.018518518518518517 0.018849206349206348
7 0.5105820105820106 0.07390873015873016 0.027116402116402115 0.01488095238095238
5 0.5906084656084656 0.47668650793650796 0.03968253968253968 0.027777777777777776
5 0.8716931216931217 0.751984126984127 0.05291005291005291 0.05257936507936508
4 0.8002645502645502 0.7073412698412699 0.03902116402116402 0.026785714285714284
4 0.6871693121693122 0.6463293650793651 0.057539682539682536 0.03373015873015873
4 0.7546296296296297 0.7757936507936508 0.04365079365079365 0.046130952380952384
4 0.21957671957671956 0.6354166666666666 0.016534391534391533 0.01488095238095238
4 0.37103174603174605 0.26091269841269843 0.03042328042328042 0.02132936507936508
4 0.4834656084656085 0.05357142857142857 0.02447089947089947 0.022817460317460316
4 0.27843915343915343 0.40327380952380953 0.021825396825396824 0.014384920634920634
4 0.35912698412698413 0.43452380952380953 0.018518518518518517 0.02628968253968254
5 0.37037037037037035 0.4236111111111111 0.013888888888888888 0.019345238095238096
5 0.29034391534391535 0.36607142857142855 0.017195767195767195 0.016865079365079364
5 0.2724867724867725 0.2941468253968254 0.021825396825396824 0.011408730158730158
6 0.37566137566137564 0.6334325396825397 0.0205026455026455 0.03571428571428571
6 0.3869047619047619 0.45982142857142855 0.016534391534391533 0.023809523809523808
6 0.25396825396825395 0.17162698412698413 0.013888888888888888 0.014384920634920634
6 0.548941798941799 0.023313492063492064 0.03306878306878307 0.01984126984126984
6 0.5052910052910053 0.019345238095238096 0.023809523809523808 0.018353174603174604
4 0.45634920634920634 0.10069444444444445 0.022486772486772486 0.017361111111111112
4 0.5052910052910053 0.10912698412698413 0.0205026455026455 0.014384920634920634
7 0.5238095238095238 0.14285714285714285 0.02513227513227513 0.015873015873015872
7 0.4351851851851852 0.0679563492063492 0.026455026455026454 0.019345238095238096
1 0.5496031746031746 0.3239087301587302 0.03835978835978836 0.0798611111111111
5 0.5165343915343915 0.283234126984127 0.025793650793650792 0.015376984126984126
4 0.5978835978835979 0.2961309523809524 0.03835978835978836 0.01984126984126984
5 0.5403439153439153 0.21577380952380953 0.023148148148148147 0.019345238095238096
4 0.6091269841269841 0.39880952380952384 0.028439153439153438 0.023313492063492064
0 0.6547619047619048 0.8958333333333334 0.06613756613756613 0.051587301587301584
2 0.5945767195767195 0.7564484126984127 0.037698412698412696 0.019345238095238096
2 0.3412698412698413 0.7787698412698413 0.017857142857142856 0.012896825396825396
2 0.3353174603174603 0.8452380952380952 0.015873015873015872 0.013392857142857142
2 0.32671957671957674 0.8675595238095238 0.011243386243386243 0.01240079365079365
2 0.23214285714285715 0.84375 0.013888888888888888 0.010416666666666666
2 0.43716931216931215 0.7757936507936508 0.0291005291005291 0.023809523809523808
2 0.6369047619047619 0.9866071428571429 0.042328042328042326 0.026785714285714284
2 0.294973544973545 0.503968253968254 0.011904761904761904 0.00744047619047619
2 0.4662698412698413 0.3382936507936508 0.017857142857142856 0.00992063492063492
2 0.25 0.42311507936507936 0.011243386243386243 0.006944444444444444
4 0.31547619047619047 0.5163690476190477 0.01917989417989418 0.012896825396825396
4 0.22023809523809523 0.3179563492063492 0.01521164021164021 0.011408730158730158
4 0.2294973544973545 0.6746031746031746 0.016534391534391533 0.00992063492063492
5 0.2526455026455027 0.5982142857142857 0.017195767195767195 0.012896825396825396
4 0.28703703703703703 0.4489087301587302 0.017195767195767195 0.012896825396825396
0 0.2566137566137566 0.3804563492063492 0.011243386243386243 0.00744047619047619
7 0.23015873015873015 0.29365079365079366 0.011904761904761904 0.01636904761904762
7 0.25462962962962965 0.35168650793650796 0.017857142857142856 0.013392857142857142
7 0.2751322751322751 0.37003968253968256 0.01455026455026455 0.013392857142857142
5 0.3419312169312169 0.310515873015873 0.0205026455026455 0.017857142857142856
4 0.3974867724867725 0.2986111111111111 0.016534391534391533 0.02132936507936508
4 0.38492063492063494 0.3685515873015873 0.013227513227513227 0.011904761904761904
5 0.23544973544973544 0.7872023809523809 0.0291005291005291 0.01636904761904762
0 0.17063492063492064 0.7981150793650794 0.02447089947089947 0.017361111111111112
2 0.15806878306878308 0.9211309523809523 0.017195767195767195 0.010416666666666666
0 0.24272486772486773 0.9404761904761905 0.03902116402116402 0.025793650793650792
6 0.291005291005291 0.19593253968253968 0.01984126984126984 0.015873015873015872
4 0.3644179894179894 0.5625 0.01984126984126984 0.020337301587301588
4 0.22420634920634921 0.5327380952380952 0.01455026455026455 0.013392857142857142
2 0.330026455026455 0.9856150793650794 0.027777777777777776 0.028769841269841268