4 0.11772486772486772 0.3308531746031746 0.06415343915343916 0.07787698412698413
4 0.06283068783068783 0.23214285714285715 0.04828042328042328 0.0679563492063492
4 0.1818783068783069 0.47371031746031744 0.056216931216931214 0.08085317460317461
4 0.07407407407407407 0.6329365079365079 0.06018518518518518 0.04017857142857143
4 0.12103174603174603 0.7881944444444444 0.03571428571428571 0.03670634920634921
4 0.1283068783068783 0.9181547619047619 0.03902116402116402 0.041666666666666664
4 0.07473544973544974 0.7678571428571429 0.04034391534391534 0.030257936507936508
7 0.30092592592592593 0.21081349206349206 0.05423280423280423 0.03125
7 0.25462962962962965 0.31746031746031744 0.06481481481481481 0.04265873015873016
4 0.453042328042328 0.2435515873015873 0.036375661375661374 0.030753968253968252
4 0.66005291005291 0.24206349206349206 0.03306878306878307 0.023809523809523808
4 0.44775132275132273 0.16319444444444445 0.03835978835978836 0.032242063492063495
1 0.5932539682539683 0.44742063492063494 0.08465608465608465 0.14484126984126985
5 0.8029100529100529 0.7971230158730159 0.07275132275132275 0.060515873015873016
5 0.9226190476190477 0.8918650793650794 0.08002645502645503 0.06845238095238096
4 0.6137566137566137 0.8933531746031746 0.10648148148148148 0.056051587301587304
4 0.5277777777777778 0.6349206349206349 0.09391534391534391 0.07242063492063493
4 0.7771164021164021 0.4722222222222222 0.08068783068783068 0.040674603174603176
5 0.6891534391534392 0.3923611111111111 0.06481481481481481 0.032242063492063495
1 0.6653439153439153 0.3010912698412698 0.061507936507936505 0.03422619047619048
5 0.5787037037037037 0.25049603174603174 0.03835978835978836 0.02976190476190476
1 0.6759259259259259 0.16666666666666666 0.05489417989417989 0.026785714285714284
1 0.5476190476190477 0.13442460317460317 0.03571428571428571 0.022321428571428572
0 0.4808201058201058 0.14285714285714285 0.03306878306878307 0.017361111111111112
0 0.5621693121693122 0.06547619047619048 0.027116402116402115 0.017361111111111112
5 0.5972222222222222 0.10863095238095238 0.031084656084656083 0.019345238095238096
0 0.21957671957671956 0.10962301587301587 0.0582010582010582 0.025297619047619048
0 0.23677248677248677 0.022817460317460316 0.03439153439153439 0.016865079365079364
1 0.12103174603174603 0.20337301587301587 0.04894179894179894 0.01984126984126984
7 0.25793650793650796 0.5119047619047619 0.0291005291005291 0.02976190476190476
4 0.210978835978836 0.7916666666666666 0.056216931216931214 0.05257936507936508
4 0.05555555555555555 0.8368055555555556 0.036375661375661374 0.029265873015873016
7 0.5171957671957672 0.08531746031746032 0.03505291005291005 0.022817460317460316
4 0.43253968253968256 0.07242063492063493 0.027116402116402115 0.024305555555555556
1 0.4027777777777778 0.02628968253968254 0.04298941798941799 0.026785714285714284
4 0.3941798941798942 0.24702380952380953 0.046296296296296294 0.029265873015873016
0 0.591931216931217 0.32242063492063494 0.04828042328042328 0.030257936507936508
5 0.531084656084656 0.3665674603174603 0.04431216931216931 0.032242063492063495
2 0.42394179894179895 0.46130952380952384 0.037698412698412696 0.023313492063492064
5 0.6752645502645502 0.751984126984127 0.082010582010582 0.05803571428571429
5 0.2123015873015873 0.625 0.04563492063492063 0.03968253968253968
6 0.23082010582010581 0.7098214285714286 0.0496031746031746 0.053075396825396824
4 0.022486772486772486 0.6775793650793651 0.03306878306878307 0.022817460317460316
0 0.03835978835978836 0.7083333333333334 0.05555555555555555 0.03670634920634921
5 0.062169312169312166 0.5044642857142857 0.027116402116402115 0.032242063492063495
0 0.031746031746031744 0.5099206349206349 0.026455026455026454 0.030753968253968252
0 0.02513227513227513 0.5758928571428571 0.04298941798941799 0.027777777777777776
2 0.14285714285714285 0.49255952380952384 0.021825396825396824 0.018353174603174604
2 0.05555555555555555 0.3695436507936508 0.04298941798941799 0.030257936507936508
4 0.18386243386243387 0.6468253968253969 0.042328042328042326 0.05505952380952381
4 0.14682539682539683 0.9558531746031746 0.04828042328042328 0.04712301587301587
4 0.7116402116402116 0.5902777777777778 0.0667989417989418 0.05406746031746032
0 0.3002645502645503 0.3888888888888889 0.027777777777777776 0.03422619047619048
2 0.18452380952380953 0.40327380952380953 0.037037037037037035 0.03571428571428571
0 0.5363756613756614 0.036210317460317464 0.056216931216931214 0.026785714285714284