4 0.5456349206349206 0.9141865079365079 0.027116402116402115 0.023809523809523808
7 0.6421957671957672 0.9340277777777778 0.03835978835978836 0.03273809523809524
4 0.7056878306878307 0.9771825396825397 0.0291005291005291 0.03571428571428571
2 0.6957671957671958 0.9126984126984127 0.026455026455026454 0.020833333333333332
2 0.53505291005291 0.8467261904761905 0.031084656084656083 0.025793650793650792
2 0.4193121693121693 0.8849206349206349 0.03306878306878307 0.0248015873015873
2 0.4166666666666667 0.8298611111111112 0.015873015873015872 0.012896825396825396
2 0.7308201058201058 0.7321428571428571 0.018518518518518517 0.013392857142857142
4 0.48412698412698413 0.7063492063492064 0.03968253968253968 0.028273809523809524
1 0.7142857142857143 0.6592261904761905 0.046957671957671955 0.028273809523809524
7 0.5767195767195767 0.7113095238095238 0.03306878306878307 0.02976190476190476
4 0.48743386243386244 0.6125992063492064 0.032407407407407406 0.027281746031746032
4 0.38492063492063494 0.5863095238095238 0.046296296296296294 0.031746031746031744
2 0.49404761904761907 0.6473214285714286 0.018518518518518517 0.01240079365079365
4 0.5456349206349206 0.6656746031746031 0.028439153439153438 0.020337301587301588
4 0.5396825396825397 0.6121031746031746 0.046296296296296294 0.033234126984126984
4 0.5291005291005291 0.5173611111111112 0.03042328042328042 0.027281746031746032
2 0.49537037037037035 0.4885912698412698 0.016534391534391533 0.009424603174603174
3 0.4001322751322751 0.46577380952380953 0.03835978835978836 0.0248015873015873
0 0.5701058201058201 0.5758928571428571 0.01984126984126984 0.016865079365079364
1 0.5013227513227513 0.5575396825396826 0.03505291005291005 0.019345238095238096
0 0.6137566137566137 0.5381944444444444 0.021164021164021163 0.01984126984126984
7 0.6990740740740741 0.5213293650793651 0.037037037037037035 0.027281746031746032
7 0.66005291005291 0.5367063492063492 0.026455026455026454 0.01984126984126984
5 0.6097883597883598 0.4880952380952381 0.03902116402116402 0.018353174603174604
7 0.6970899470899471 0.4330357142857143 0.03835978835978836 0.027281746031746032
4 0.6137566137566137 0.4211309523809524 0.041005291005291 0.020337301587301588
4 0.4041005291005291 0.4007936507936508 0.03373015873015873 0.018353174603174604
4 0.41005291005291006 0.32688492063492064 0.02976190476190476 0.021825396825396824
3 0.40343915343915343 0.29017857142857145 0.037037037037037035 0.027281746031746032
0 0.4537037037037037 0.3169642857142857 0.018518518518518517 0.010416666666666666
0 0.5767195767195767 0.36904761904761907 0.018518518518518517 0.010912698412698412
0 0.5879629629629629 0.4052579365079365 0.01455026455026455 0.00744047619047619
0 0.6765873015873016 0.408234126984127 0.015873015873015872 0.010912698412698412
0 0.5667989417989417 0.42658730158730157 0.021825396825396824 0.014384920634920634
4 0.6534391534391535 0.35119047619047616 0.047619047619047616 0.030753968253968252
4 0.5608465608465608 0.3090277777777778 0.03042328042328042 0.019345238095238096
0 0.45634920634920634 0.28869047619047616 0.017857142857142856 0.013888888888888888
1 0.48544973544973546 0.2951388888888889 0.022486772486772486 0.01240079365079365
0 0.748015873015873 0.35714285714285715 0.017195767195767195 0.02132936507936508
4 0.7433862433862434 0.3323412698412698 0.01455026455026455 0.015376984126984126
4 0.7341269841269841 0.31101190476190477 0.01984126984126984 0.017857142857142856
1 0.7142857142857143 0.279265873015873 0.012566137566137565 0.011408730158730158
2 0.7248677248677249 0.25496031746031744 0.013227513227513227 0.010416666666666666
4 0.4781746031746032 0.39186507936507936 0.03042328042328042 0.018849206349206348
1 0.6613756613756614 0.2986111111111111 0.022486772486772486 0.015376984126984126
4 0.5978835978835979 0.24801587301587302 0.023809523809523808 0.020337301587301588
4 0.5701058201058201 0.23660714285714285 0.02513227513227513 0.023313492063492064
2 0.5297619047619048 0.21676587301587302 0.012566137566137565 0.010416666666666666
4 0.5112433862433863 0.19940476190476192 0.016534391534391533 0.01488095238095238
5 0.6124338624338624 0.1884920634920635 0.03042328042328042 0.02132936507936508
5 0.5912698412698413 0.16468253968253968 0.03835978835978836 0.018849206349206348
4 0.49867724867724866 0.15327380952380953 0.026455026455026454 0.017361111111111112
4 0.3955026455026455 0.2371031746031746 0.022486772486772486 0.017857142857142856
4 0.44576719576719576 0.2371031746031746 0.01984126984126984 0.018849206349206348
0 0.38756613756613756 0.2088293650793651 0.021825396825396824 0.015873015873015872
2 0.5833333333333334 0.11458333333333333 0.013227513227513227 0.010416666666666666
0 0.658068783068783 0.11607142857142858 0.012566137566137565 0.010416666666666666
4 0.531084656084656 0.10515873015873016 0.027116402116402115 0.018849206349206348
5 0.32936507936507936 0.1423611111111111 0.031746031746031744 0.017361111111111112
7 0.3273809523809524 0.08134920634920635 0.027116402116402115 0.02132936507936508
0 0.3683862433862434 0.10863095238095238 0.021164021164021163 0.013888888888888888
0 0.34854497354497355 0.11706349206349206 0.02447089947089947 0.019345238095238096
1 0.40145502645502645 0.1746031746031746 0.03373015873015873 0.028273809523809524
1 0.3941798941798942 0.1324404761904762 0.027777777777777776 0.024305555555555556
6 0.5681216931216931 0.04365079365079365 0.021164021164021163 0.021825396825396824
6 0.58994708994709 0.08134920634920635 0.028439153439153438 0.01984126984126984
2 0.38756613756613756 0.08035714285714286 0.008597883597883597 0.007936507936507936
7 0.4087301587301587 0.06597222222222222 0.02513227513227513 0.021825396825396824
3 0.5066137566137566 0.030257936507936508 0.021825396825396824 0.01984126984126984
3 0.531084656084656 0.036210317460317464 0.025793650793650792 0.021825396825396824
3 0.39814814814814814 0.5163690476190477 0.03968253968253968 0.02628968253968254
3 0.4497354497354497 0.10813492063492064 0.0291005291005291 0.025297619047619048
7 0.7513227513227513 0.3968253968253968 0.017857142857142856 0.015376984126984126
0 0.7599206349206349 0.32589285714285715 0.01521164021164021 0.01240079365079365
4 0.7380952380952381 0.24057539682539683 0.017195767195767195 0.021825396825396824
4 0.6884920634920635 0.1949404761904762 0.011243386243386243 0.011904761904761904
4 0.6984126984126984 0.17857142857142858 0.01984126984126984 0.017361111111111112
0 0.7195767195767195 0.1746031746031746 0.015873015873015872 0.015376984126984126
3 0.6898148148148148 0.12946428571428573 0.012566137566137565 0.015873015873015872
4 0.6362433862433863 0.020337301587301588 0.02447089947089947 0.022817460317460316
2 0.2757936507936508 0.9479166666666666 0.018518518518518517 0.01984126984126984
2 0.2671957671957672 0.8978174603174603 0.01455026455026455 0.019345238095238096
4 0.28835978835978837 0.8606150793650794 0.027116402116402115 0.032242063492063495
2 0.2698412698412698 0.8125 0.01521164021164021 0.019345238095238096
1 0.26851851851851855 0.7668650793650794 0.025793650793650792 0.025793650793650792
4 0.289021164021164 0.6979166666666666 0.01984126984126984 0.043154761904761904
7 0.2751322751322751 0.7063492063492064 0.017857142857142856 0.023313492063492064
4 0.2843915343915344 0.6552579365079365 0.01984126984126984 0.019345238095238096
4 0.2744708994708995 0.6091269841269841 0.022486772486772486 0.019345238095238096
3 0.27116402116402116 0.6815476190476191 0.011243386243386243 0.010416666666666666
3 0.26256613756613756 0.685515873015873 0.013888888888888888 0.011904761904761904
4 0.2837301587301587 0.5198412698412699 0.01917989417989418 0.018849206349206348
4 0.2757936507936508 0.5357142857142857 0.015873015873015872 0.016865079365079364
4 0.27843915343915343 0.4861111111111111 0.01455026455026455 0.01240079365079365
0 0.28174603174603174 0.49503968253968256 0.012566137566137565 0.012896825396825396
4 0.2791005291005291 0.4568452380952381 0.01521164021164021 0.017361111111111112
4 0.27976190476190477 0.42212301587301587 0.023148148148148147 0.017361111111111112
7 0.2863756613756614 0.3586309523809524 0.017195767195767195 0.014384920634920634
3 0.2757936507936508 0.3685515873015873 0.018518518518518517 0.06299603174603174
6 0.2863756613756614 0.3308531746031746 0.01984126984126984 0.018849206349206348
4 0.2863756613756614 0.3080357142857143 0.010582010582010581 0.01240079365079365
4 0.28505291005291006 0.28869047619047616 0.00992063492063492 0.010416666666666666
4 0.2876984126984127 0.24404761904761904 0.013888888888888888 0.01636904761904762
4 0.28835978835978837 0.1701388888888889 0.012566137566137565 0.01240079365079365
4 0.2751322751322751 0.13343253968253968 0.01455026455026455 0.025793650793650792
4 0.289021164021164 0.13690476190476192 0.013227513227513227 0.026785714285714284
4 0.26322751322751325 0.07539682539682539 0.015873015873015872 0.017857142857142856
6 0.2791005291005291 0.08333333333333333 0.016534391534391533 0.018849206349206348
1 0.2665343915343915 0.1746031746031746 0.016534391534391533 0.012896825396825396
0 0.6435185185185185 0.07192460317460317 0.008597883597883597 0.01240079365079365
0 0.673941798941799 0.08581349206349206 0.011243386243386243 0.01240079365079365
0 0.6878306878306878 0.10714285714285714 0.011904761904761904 0.008928571428571428