7 0.28174603174603174 0.9221230158730159 0.027777777777777776 0.024305555555555556
7 0.2837301587301587 0.876984126984127 0.036375661375661374 0.02628968253968254
7 0.2876984126984127 0.7886904761904762 0.03505291005291005 0.023809523809523808
7 0.5013227513227513 0.7366071428571429 0.05357142857142857 0.0496031746031746
7 0.23412698412698413 0.7847222222222222 0.05886243386243386 0.037698412698412696
7 0.2175925925925926 0.6617063492063492 0.083994708994709 0.09623015873015874
7 0.3637566137566138 0.46577380952380953 0.047619047619047616 0.02976190476190476
7 0.24933862433862433 0.3501984126984127 0.051587301587301584 0.040674603174603176
7 0.11177248677248677 0.15674603174603174 0.09986772486772487 0.09275793650793651
4 0.44576719576719576 0.6150793650793651 0.032407407407407406 0.029265873015873016
5 0.3948412698412698 0.9201388888888888 0.032407407407407406 0.022817460317460316
2 0.1746031746031746 0.7876984126984127 0.03968253968253968 0.02628968253968254
0 0.23875661375661375 0.5803571428571429 0.04894179894179894 0.028769841269841268
4 0.025793650793650792 0.2673611111111111 0.04431216931216931 0.051587301587301584
4 0.4537037037037037 0.20734126984126985 0.06878306878306878 0.04563492063492063
4 0.33994708994708994 0.13194444444444445 0.05555555555555555 0.03521825396825397
4 0.7394179894179894 0.2326388888888889 0.051587301587301584 0.049107142857142856
4 0.6785714285714286 0.8134920634920635 0.03835978835978836 0.03571428571428571
5 0.7420634920634921 0.8333333333333334 0.023809523809523808 0.03521825396825397
0 0.3968253968253968 0.533234126984127 0.04431216931216931 0.02976190476190476
7 0.6375661375661376 0.5029761904761905 0.05026455026455026 0.031746031746031744
7 0.41203703703703703 0.4236111111111111 0.03902116402116402 0.020833333333333332
4 0.2619047619047619 0.4632936507936508 0.06547619047619048 0.03571428571428571
0 0.5152116402116402 0.33482142857142855 0.02976190476190476 0.025793650793650792
1 0.6772486772486772 0.11011904761904762 0.08928571428571429 0.06398809523809523
4 0.8002645502645502 0.09176587301587301 0.05555555555555555 0.0496031746031746
1 0.9292328042328042 0.1423611111111111 0.04563492063492063 0.0441468253968254
1 0.921957671957672 0.27132936507936506 0.09854497354497355 0.04513888888888889
4 0.8961640211640212 0.33878968253968256 0.04894179894179894 0.06597222222222222
4 0.8075396825396826 0.5729166666666666 0.051587301587301584 0.07142857142857142
4 0.8048941798941799 0.17906746031746032 0.06878306878306878 0.09722222222222222
4 0.8505291005291006 0.435515873015873 0.09391534391534391 0.08432539682539683
0 0.7976190476190477 0.7862103174603174 0.04563492063492063 0.02976190476190476
0 0.794973544973545 0.7450396825396826 0.041005291005291 0.030257936507936508
5 0.8406084656084656 0.6989087301587301 0.0291005291005291 0.028769841269841268
4 0.8935185185185185 0.7485119047619048 0.03902116402116402 0.0679563492063492
1 0.7685185185185185 0.6324404761904762 0.07473544973544974 0.07242063492063493
1 0.6039890132275133 0.4787886845238095 0.5914979537037037 0.4274739613095238 0.5825757685185186 0.4127488660714286 0.5498610912698413 0.38240624702380954 0.5129827275132275 0.3890994712301587 0.5665158373015873 0.49172891964285714 0.6039890132275133 0.4787886845238095
1 0.5569988399470899 0.36545007738095237 0.5599729007936508 0.38954568650793653 0.5921923650793651 0.4163185863095238 0.6277815052910053 0.3944540515873016 0.6259970687830688 0.3453704027777778 0.5742483968253967 0.32975287797619046 0.5605677142857143 0.3315377380952381 0.5569988399470899 0.36545007738095237