4 0.39351851851851855 0.3253968253968254 0.11970899470899471 0.051587301587301584
4 0.328042328042328 0.03125 0.08465608465608465 0.05654761904761905
4 0.4748677248677249 0.2113095238095238 0.11044973544973545 0.051587301587301584
4 0.7341269841269841 0.22817460317460317 0.09126984126984126 0.07539682539682539
4 0.27645502645502645 0.5213293650793651 0.06018518518518518 0.034722222222222224
2 0.33994708994708994 0.7514880952380952 0.05291005291005291 0.031746031746031744
2 0.25 0.7668650793650794 0.027777777777777776 0.01984126984126984
2 0.2003968253968254 0.8209325396825397 0.03439153439153439 0.020337301587301588
2 0.2771164021164021 0.8229166666666666 0.03306878306878307 0.020833333333333332
2 0.289021164021164 0.9136904761904762 0.03306878306878307 0.024305555555555556
2 0.4947089947089947 0.8864087301587301 0.05423280423280423 0.04265873015873016
2 0.7705026455026455 0.8839285714285714 0.0496031746031746 0.040674603174603176
2 0.8062169312169312 0.7043650793650794 0.027777777777777776 0.026785714285714284
2 0.8531746031746031 0.6666666666666666 0.051587301587301584 0.025793650793650792
2 0.7228835978835979 0.65625 0.0582010582010582 0.03273809523809524
2 0.4470899470899471 0.6969246031746031 0.03968253968253968 0.021825396825396824
2 0.3683862433862434 0.7058531746031746 0.05555555555555555 0.022321428571428572
2 0.32275132275132273 0.6279761904761905 0.02513227513227513 0.014384920634920634
2 0.4093915343915344 0.5252976190476191 0.03373015873015873 0.01984126984126984
2 0.5277777777777778 0.5168650793650794 0.05291005291005291 0.027777777777777776
2 0.4332010582010582 0.40575396825396826 0.041005291005291 0.02628968253968254
2 0.01917989417989418 0.9375 0.031084656084656083 0.016865079365079364
2 0.5264550264550265 0.6383928571428571 0.027116402116402115 0.015873015873015872
2 0.6097883597883598 0.6473214285714286 0.02513227513227513 0.017857142857142856
4 0.12103174603174603 0.4806547619047619 0.0787037037037037 0.04265873015873016
2 0.43584656084656087 0.09126984126984126 0.056878306878306875 0.04811507936507937
2 0.4398148148148148 0.6254960317460317 0.05886243386243386 0.028273809523809524
5 0.296957671957672 0.5863095238095238 0.04497354497354497 0.036210317460317464
5 0.6382275132275133 0.5461309523809523 0.05026455026455026 0.034722222222222224
5 0.7400793650793651 0.4503968253968254 0.06283068783068783 0.06498015873015874
6 0.12103174603174603 0.2986111111111111 0.08267195767195767 0.053075396825396824
6 0.19973544973544974 0.6195436507936508 0.08465608465608465 0.037698412698412696
2 0.23148148148148148 0.34375 0.05555555555555555 0.031746031746031744
6 0.031084656084656083 0.6488095238095238 0.06018518518518518 0.03720238095238095
0 0.6236772486772487 0.2822420634920635 0.06944444444444445 0.07192460317460317
0 0.5191798941798942 0.44841269841269843 0.06084656084656084 0.047619047619047616
0 0.23214285714285715 0.4439484126984127 0.0701058201058201 0.03521825396825397
0 0.11574074074074074 0.6572420634920635 0.05952380952380952 0.027777777777777776
0 0.23214285714285715 0.24751984126984128 0.06812169312169312 0.04712301587301587
2 0.062169312169312166 0.19890873015873015 0.04828042328042328 0.030257936507936508
4 0.037037037037037035 0.35714285714285715 0.07407407407407407 0.05357142857142857
4 0.02976190476190476 0.49404761904761907 0.05886243386243386 0.03670634920634921
5 0.12896825396825398 0.4211309523809524 0.05489417989417989 0.04117063492063492
0 0.31613756613756616 0.41121031746031744 0.06878306878306878 0.044642857142857144
0 0.09523809523809523 0.5416666666666666 0.11375661375661375 0.061507936507936505
0 0.18518518518518517 0.5555555555555556 0.05026455026455026 0.022321428571428572
0 0.44576719576719576 0.48462301587301587 0.06018518518518518 0.028273809523809524
0 0.3353174603174603 0.47767857142857145 0.04298941798941799 0.033234126984126984
4 0.8578042328042328 0.5629960317460317 0.09259259259259259 0.053075396825396824
5 0.6296296296296297 0.6145833333333334 0.08002645502645503 0.043154761904761904
2 0.6025132275132276 0.4290674603174603 0.04365079365079365 0.02628968253968254
1 0.3888888888888889 0.24851190476190477 0.0958994708994709 0.062003968253968256
5 0.7129629629629629 0.35267857142857145 0.09656084656084656 0.0625
0 0.2837301587301587 0.6760912698412699 0.05886243386243386 0.02628968253968254
0 0.9490740740740741 0.2222222222222222 0.10185185185185185 0.08134920634920635