7 0.27976190476190477 0.7941468253968254 0.1421957671957672 0.10813492063492064
1 0.5502645502645502 0.8774801587301587 0.11243386243386243 0.03571428571428571
2 0.44775132275132273 0.8363095238095238 0.04497354497354497 0.03373015873015873
2 0.22486772486772486 0.7162698412698413 0.03571428571428571 0.020833333333333332
2 0.17261904761904762 0.6324404761904762 0.03042328042328042 0.018849206349206348
2 0.49603174603174605 0.5114087301587301 0.03439153439153439 0.018849206349206348
2 0.5496031746031746 0.4330357142857143 0.021825396825396824 0.020833333333333332
2 0.4351851851851852 0.39037698412698413 0.03042328042328042 0.022321428571428572
2 0.2876984126984127 0.37450396825396826 0.032407407407407406 0.018849206349206348
4 0.5575396825396826 0.28273809523809523 0.0582010582010582 0.050595238095238096
0 0.5357142857142857 0.1259920634920635 0.04894179894179894 0.04017857142857143
5 0.3478835978835979 0.1111111111111111 0.06018518518518518 0.060515873015873016
4 0.7123015873015873 0.7911706349206349 0.07076719576719577 0.06299603174603174
3 0.2361111111111111 0.878968253968254 0.06812169312169312 0.022321428571428572
1 0.17526455026455026 0.7996031746031746 0.026455026455026454 0.016865079365079364
6 0.6646825396825397 0.6815476190476191 0.16203703703703703 0.09771825396825397
4 0.6318449007936507 0.5821197390873016 0.6012452526455027 0.5880056815476191 0.5180769775132276 0.6327388462301587 0.4984618174603174 0.6674659087301588 0.5070924880952381 0.6898324910714285 0.5596611150793651 0.6898324910714285 0.6208604126984127 0.6315616577380953 0.6279218703703704 0.5991889732142857 0.6302756891534391 0.5915372470238095 0.6318449007936507 0.5821197390873016
0 0.5013227513227513 0.5773809523809523 0.05357142857142857 0.03968253968253968
0 0.582010582010582 0.5089285714285714 0.06812169312169312 0.029265873015873016
2 0.718915343915344 0.9885912698412699 0.031746031746031744 0.017361111111111112
2 0.9298941798941799 0.9484126984126984 0.028439153439153438 0.021825396825396824
2 0.9854497354497355 0.7896825396825397 0.02447089947089947 0.018353174603174604
0 0.7665343915343915 0.6850198412698413 0.03968253968253968 0.022817460317460316
0 0.7552910052910053 0.5798611111111112 0.05489417989417989 0.01984126984126984
0 0.7043650793650794 0.5337301587301587 0.0667989417989418 0.0248015873015873
0 0.6507936507936508 0.46081349206349204 0.05489417989417989 0.021825396825396824
0 0.6164021164021164 0.43601190476190477 0.07804232804232804 0.024305555555555556
5 0.8822751322751323 0.3566468253968254 0.05423280423280423 0.05952380952380952
4 0.8743386243386243 0.6086309523809523 0.0701058201058201 0.062003968253968256
7 0.9113756613756614 0.7222222222222222 0.1574074074074074 0.12003968253968254
1 0.7920209113756614 0.6776883373015873 0.8433547830687831 0.6471189156746032 0.8438839986772487 0.639178806547619 0.8285367592592593 0.629650675595238 0.767147798941799 0.6582350694444444 0.7697938743386243 0.6721302609126983 0.7920209113756614 0.6776883373015873
4 0.7744708994708994 0.46924603174603174 0.07341269841269842 0.030753968253968252
4 0.708994708994709 0.21726190476190477 0.0496031746031746 0.044642857142857144
4 0.6547619047619048 0.08928571428571429 0.04828042328042328 0.04712301587301587
0 0.27843915343915343 0.4166666666666667 0.03505291005291005 0.036210317460317464
7 0.24404761904761904 0.37003968253968256 0.036375661375661374 0.03373015873015873
4 0.15343915343915343 0.36061507936507936 0.041666666666666664 0.027281746031746032
4 0.20502645502645503 0.38740079365079366 0.03505291005291005 0.018353174603174604
2 0.1283068783068783 0.31845238095238093 0.023148148148148147 0.013888888888888888
1 0.3373015873015873 0.22420634920634921 0.05489417989417989 0.01488095238095238
1 0.20502645502645503 0.20238095238095238 0.04828042328042328 0.018353174603174604
7 0.17394179894179895 0.06994047619047619 0.13624338624338625 0.07787698412698413
1 0.1970899470899471 0.17906746031746032 0.08002645502645503 0.0248015873015873
0 0.09854497354497355 0.14781746031746032 0.037037037037037035 0.011408730158730158
0 0.11636826322751323 0.16999490972222223 0.1368474060846561 0.1743366259920635 0.15421015740740743 0.16932695238095238 0.1439933134920635 0.1653192142857143 0.12215584788359789 0.15663578075396825 0.10835468650793652 0.15362997718253968 0.1034575 0.15863964980158732 0.11636826322751323 0.16999490972222223
0 0.1283598425925926 0.1532927787698413 0.12632995634920635 0.15786110714285714 0.13817096164021164 0.16268323015873018 0.15610162830687832 0.1695357222222222 0.17234072222222224 0.1654749861111111 0.17676362037037036 0.1598914742063492 0.17335566534391533 0.15684592261904762 0.1513652261904762 0.1545617589285714 0.1283598425925926 0.1532927787698413
0 0.1527777777777778 0.7440476190476191 0.0496031746031746 0.023313492063492064
0 0.17261904761904762 0.722718253968254 0.04034391534391534 0.017857142857142856
1 0.26860556746031744 0.503479630952381 0.24729211243386243 0.5419209811507937 0.25817557804232805 0.5483845714285714 0.3189415978835979 0.5184479444444444 0.3116859537037037 0.4844290505952381 0.29635417724867724 0.46401771428571426 0.29309336507936506 0.4606158244047619 0.28765163227513224 0.4612962023809524 0.26860556746031744 0.503479630952381
3 0.2989885767195767 0.4674196031746031 0.31803464153439154 0.4779654603174603 0.3271041970899471 0.472862626984127 0.3280111521164021 0.45347185714285715 0.30306987566137567 0.43816335416666663 0.2917329325396825 0.4449671329365079 0.2989885767195767 0.4674196031746031
1 0.1189579074074074 0.46809998115079365 0.12762046296296298 0.4612962023809524 0.12621355158730158 0.4555129910714286 0.0844935992063492 0.43952411011904763 0.07043578835978836 0.4436063779761905 0.07406360978835978 0.4510905347222222 0.1189579074074074 0.46809998115079365
4 0.49007936507936506 0.34970238095238093 0.12367724867724868 0.0679563492063492
0 0.09259259259259259 0.558531746031746 0.18452380952380953 0.2078373015873016
7 0.036375661375661374 0.4871031746031746 0.07275132275132275 0.09027777777777778
4 0.20634920634920634 0.33035714285714285 0.083994708994709 0.07043650793650794
5 0.1779100529100529 0.4037698412698413 0.017857142857142856 0.028273809523809524
0 0.9298941798941799 0.9950396825396826 0.04497354497354497 0.00992063492063492