4 0.3101851851851852 0.16468253968253968 0.062169312169312166 0.04513888888888889
4 0.0787037037037037 0.2648809523809524 0.0701058201058201 0.031746031746031744
4 0.32605820105820105 0.5094246031746031 0.047619047619047616 0.04017857142857143
4 0.5119047619047619 0.6959325396825397 0.0667989417989418 0.06101190476190476
4 0.19973544973544974 0.8343253968253969 0.051587301587301584 0.025793650793650792
4 0.17724867724867724 0.7941468253968254 0.037037037037037035 0.031746031746031744
4 0.2757936507936508 0.658234126984127 0.0582010582010582 0.040674603174603176
5 0.24537037037037038 0.41716269841269843 0.06283068783068783 0.04117063492063492
4 0.7003968253968254 0.2544642857142857 0.0701058201058201 0.05803571428571429
4 0.4656084656084656 0.24404761904761904 0.05886243386243386 0.03571428571428571
4 0.36507936507936506 0.3100198412698413 0.046957671957671955 0.06448412698412699
4 0.15211640211640212 0.22420634920634921 0.09523809523809523 0.05357142857142857
4 0.16732804232804233 0.3115079365079365 0.05357142857142857 0.034722222222222224
6 0.6686507936507936 0.44345238095238093 0.08928571428571429 0.11904761904761904
5 0.4305555555555556 0.8700396825396826 0.046957671957671955 0.03720238095238095
5 0.33796296296296297 0.7807539682539683 0.037037037037037035 0.030753968253968252
4 0.23743386243386244 0.7232142857142857 0.03439153439153439 0.037698412698412696
4 0.291005291005291 0.785218253968254 0.03505291005291005 0.050595238095238096
4 0.5244708994708994 0.902281746031746 0.03835978835978836 0.05952380952380952
4 0.5482804232804233 0.2628968253968254 0.06018518518518518 0.07242063492063493
4 0.8690476190476191 0.16021825396825398 0.25462962962962965 0.16021825396825398
4 0.44113756613756616 0.11656746031746032 0.04298941798941799 0.05109126984126984
4 0.32936507936507936 0.34325396825396826 0.036375661375661374 0.034722222222222224
4 0.06283068783068783 0.17261904761904762 0.07076719576719577 0.033234126984126984
4 0.061507936507936505 0.5327380952380952 0.0582010582010582 0.03521825396825397
4 0.18518518518518517 0.7023809523809523 0.04828042328042328 0.02976190476190476
1 0.1455026455026455 0.8720238095238095 0.046296296296296294 0.06448412698412699
7 0.2526455026455027 0.8239087301587301 0.036375661375661374 0.041666666666666664
7 0.42724867724867727 0.9796626984126984 0.056878306878306875 0.03373015873015873
7 0.4808201058201058 0.5615079365079365 0.05026455026455026 0.041666666666666664
4 0.2605820105820106 0.4573412698412698 0.046957671957671955 0.02976190476190476
4 0.29894179894179895 0.7276785714285714 0.04298941798941799 0.041666666666666664
7 0.32671957671957674 0.6919642857142857 0.041666666666666664 0.036210317460317464
4 0.3558201058201058 0.6140873015873016 0.0582010582010582 0.03521825396825397
4 0.28703703703703703 0.3353174603174603 0.062169312169312166 0.062003968253968256
1 0.30357142857142855 0.2743055555555556 0.082010582010582 0.046130952380952384
5 0.3955026455026455 0.17956349206349206 0.03306878306878307 0.0496031746031746
6 0.419973544973545 0.22073412698412698 0.036375661375661374 0.05704365079365079
0 0.6150793650793651 0.5367063492063492 0.082010582010582 0.08581349206349206
0 0.5833333333333334 0.5758928571428571 0.052248677248677246 0.06001984126984127
5 0.0205026455026455 0.7048611111111112 0.03968253968253968 0.024305555555555556
5 0.10185185185185185 0.777281746031746 0.036375661375661374 0.04017857142857143
5 0.1865079365079365 0.7648809523809523 0.031084656084656083 0.03273809523809524
2 0.051587301587301584 0.9067460317460317 0.021164021164021163 0.019345238095238096
2 0.13955026455026456 0.9479166666666666 0.01521164021164021 0.016865079365079364
2 0.207010582010582 0.9469246031746031 0.02447089947089947 0.018849206349206348
2 0.17592592592592593 0.9697420634920635 0.0205026455026455 0.018353174603174604
2 0.22354497354497355 0.8973214285714286 0.022486772486772486 0.014384920634920634
2 0.3048941798941799 0.9399801587301587 0.025793650793650792 0.017857142857142856
2 0.12896825396825398 0.9771825396825397 0.021164021164021163 0.017857142857142856
2 0.056878306878306875 0.8596230158730159 0.021164021164021163 0.014384920634920634
2 0.0992063492063492 0.841765873015873 0.016534391534391533 0.017361111111111112
2 0.2208994708994709 0.6567460317460317 0.01984126984126984 0.017857142857142856
2 0.1078042328042328 0.6264880952380952 0.025793650793650792 0.020833333333333332
2 0.1488095238095238 0.7172619047619048 0.021164021164021163 0.019345238095238096
5 0.3921957671957672 0.9181547619047619 0.04365079365079365 0.04563492063492063
2 0.19510582010582012 0.6245039682539683 0.0205026455026455 0.017361111111111112
4 0.42658730158730157 0.5446428571428571 0.04828042328042328 0.03720238095238095
4 0.4417989417989418 0.7385912698412699 0.047619047619047616 0.039186507936507936
2 0.7387566137566137 0.7395833333333334 0.06349206349206349 0.0496031746031746
5 0.6078042328042328 0.7976190476190477 0.07671957671957672 0.0798611111111111
1 0.5681216931216931 0.8933531746031746 0.06613756613756613 0.10466269841269842
0 0.748015873015873 0.9206349206349206 0.0787037037037037 0.08531746031746032
0 0.5866402116402116 0.6577380952380952 0.04894179894179894 0.05257936507936508
4 0.5224867724867724 0.6334325396825397 0.056216931216931214 0.0441468253968254
4 0.3862433862433862 0.5034722222222222 0.041666666666666664 0.03968253968253968
4 0.25727513227513227 0.5406746031746031 0.05291005291005291 0.042162698412698416
5 0.35648148148148145 0.39285714285714285 0.05423280423280423 0.05853174603174603
4 0.13095238095238096 0.3923611111111111 0.07804232804232804 0.03720238095238095
4 0.06613756613756613 0.40029761904761907 0.04563492063492063 0.03720238095238095
2 0.10119047619047619 0.32837301587301587 0.03902116402116402 0.03273809523809524
2 0.23941798941798942 0.4861111111111111 0.021825396825396824 0.018849206349206348
2 0.18386243386243387 0.5610119047619048 0.028439153439153438 0.014384920634920634
2 0.03505291005291005 0.5843253968253969 0.025793650793650792 0.016865079365079364
0 0.04298941798941799 0.6165674603174603 0.028439153439153438 0.020337301587301588
0 0.13822751322751323 0.5396825396825397 0.031084656084656083 0.02132936507936508
2 0.45436507936507936 0.6329365079365079 0.032407407407407406 0.03125
5 0.4755291005291005 0.48313492063492064 0.04894179894179894 0.06646825396825397
0 0.6025132275132276 0.4384920634920635 0.06018518518518518 0.08680555555555555
0 0.7414021164021164 0.6086309523809523 0.08002645502645503 0.09375
2 0.42658730158730157 0.8159722222222222 0.041005291005291 0.032242063492063495
4 0.703042328042328 0.8353174603174603 0.09788359788359788 0.06547619047619048
0 0.2261904761904762 0.7971230158730159 0.03968253968253968 0.022321428571428572
2 0.3273809523809524 0.6453373015873016 0.027116402116402115 0.02628968253968254
7 0.5092592592592593 0.8348214285714286 0.05026455026455026 0.0441468253968254
4 0.2552910052910053 0.6904761904761905 0.036375661375661374 0.028769841269841268