4 0.6263227513227513 0.5243055555555556 0.05092592592592592 0.03273809523809524
4 0.5013227513227513 0.5600198412698413 0.05092592592592592 0.04365079365079365
4 0.26322751322751325 0.5297619047619048 0.056216931216931214 0.0496031746031746
4 0.13227513227513227 0.43353174603174605 0.1078042328042328 0.0744047619047619
4 0.2698412698412698 0.38591269841269843 0.08928571428571429 0.05406746031746032
4 0.37566137566137564 0.2708333333333333 0.07936507936507936 0.07886904761904762
4 0.45965608465608465 0.25 0.09391534391534391 0.07192460317460317
4 0.3531746031746032 0.15376984126984128 0.09656084656084656 0.13293650793650794
4 0.4173280423280423 0.05257936507936508 0.0873015873015873 0.10317460317460317
4 0.8604497354497355 0.18501984126984128 0.08134920634920635 0.06646825396825397
4 0.8095238095238095 0.1909722222222222 0.03835978835978836 0.03571428571428571
4 0.3253968253968254 0.785218253968254 0.05357142857142857 0.05009920634920635
4 0.4523809523809524 0.660218253968254 0.046296296296296294 0.034722222222222224
6 0.5582010582010583 0.5148809523809523 0.04894179894179894 0.037698412698412696
6 0.4113756613756614 0.6329365079365079 0.05423280423280423 0.06398809523809523
6 0.38955026455026454 0.783234126984127 0.062169312169312166 0.04662698412698413
6 0.26521164021164023 0.8645833333333334 0.04828042328042328 0.04712301587301587
4 0.13293650793650794 0.8120039682539683 0.09722222222222222 0.06299603174603174
4 0.1527777777777778 0.6235119047619048 0.08465608465608465 0.0689484126984127
4 0.21494708994708994 0.4915674603174603 0.08796296296296297 0.10218253968253968
4 0.871031746031746 0.5089285714285714 0.047619047619047616 0.05009920634920635
4 0.9186507936507936 0.5818452380952381 0.06283068783068783 0.047619047619047616
4 0.6838624338624338 0.46378968253968256 0.04497354497354497 0.025297619047619048
4 0.6911375661375662 0.3566468253968254 0.05092592592592592 0.03968253968253968
4 0.7208994708994709 0.37896825396825395 0.037037037037037035 0.028273809523809524
4 0.8022486772486772 0.2867063492063492 0.042328042328042326 0.03571428571428571
4 0.7665343915343915 0.25148809523809523 0.04298941798941799 0.049107142857142856
4 0.8161375661375662 0.0992063492063492 0.05026455026455026 0.05009920634920635
7 0.26851851851851855 0.27628968253968256 0.09325396825396826 0.08333333333333333
5 0.19642857142857142 0.6577380952380952 0.07671957671957672 0.07291666666666667
4 0.3478835978835979 0.7242063492063492 0.05291005291005291 0.04811507936507937
1 0.3941798941798942 0.720734126984127 0.06415343915343916 0.062003968253968256
5 0.49404761904761907 0.6076388888888888 0.031084656084656083 0.030753968253968252
0 0.36243386243386244 0.5 0.06349206349206349 0.04265873015873016
0 0.4279100529100529 0.44742063492063494 0.03902116402116402 0.03125
0 0.5416666666666666 0.4290674603174603 0.0496031746031746 0.037698412698412696
0 0.5092592592592593 0.3665674603174603 0.06283068783068783 0.03720238095238095
5 0.5873015873015873 0.3373015873015873 0.04431216931216931 0.05505952380952381
0 0.6521164021164021 0.3090277777777778 0.05423280423280423 0.039186507936507936
7 0.7208994708994709 0.2490079365079365 0.05555555555555555 0.054563492063492064
0 0.5522486772486772 0.23363095238095238 0.06349206349206349 0.034722222222222224
5 0.5317460317460317 0.15228174603174602 0.08862433862433862 0.08680555555555555
4 0.48412698412698413 0.07738095238095238 0.083994708994709 0.05704365079365079
0 0.7698412698412699 0.1909722222222222 0.04563492063492063 0.03720238095238095
0 0.7294973544973545 0.0798611111111111 0.04497354497354497 0.059027777777777776
5 0.6507936507936508 0.1111111111111111 0.061507936507936505 0.06547619047619048
5 0.7625661375661376 0.11706349206349206 0.0582010582010582 0.06349206349206349
1 0.83994708994709 0.6488095238095238 0.07142857142857142 0.0625
1 0.9411375661375662 0.466765873015873 0.06944444444444445 0.04017857142857143
0 0.826058201058201 0.5753968253968254 0.046957671957671955 0.0248015873015873
0 0.8194444444444444 0.47371031746031744 0.04431216931216931 0.030753968253968252
0 0.7486772486772487 0.48115079365079366 0.041666666666666664 0.04117063492063492
4 0.7222222222222222 0.4072420634920635 0.04034391534391534 0.022817460317460316
0 0.7698412698412699 0.34226190476190477 0.046957671957671955 0.02976190476190476
7 0.753968253968254 0.31646825396825395 0.05092592592592592 0.03571428571428571
1 0.8485449735449735 0.23859126984126985 0.06283068783068783 0.0679563492063492
0 0.5985449735449735 0.2837301587301587 0.041005291005291 0.036210317460317464
0 0.5456349206349206 0.30753968253968256 0.05291005291005291 0.03521825396825397
0 0.44312169312169314 0.34375 0.06415343915343916 0.0679563492063492
4 0.421957671957672 0.5143849206349206 0.04894179894179894 0.0496031746031746
2 0.29563492063492064 0.5778769841269841 0.04828042328042328 0.044642857142857144
2 0.31283068783068785 0.6954365079365079 0.05026455026455026 0.03125
2 0.3558201058201058 0.9246031746031746 0.031746031746031744 0.0248015873015873
2 0.37367724867724866 0.9742063492063492 0.028439153439153438 0.023313492063492064
2 0.47685185185185186 0.9588293650793651 0.041666666666666664 0.04017857142857143
2 0.5866402116402116 0.8784722222222222 0.037037037037037035 0.026785714285714284
2 0.40343915343915343 0.8844246031746031 0.046957671957671955 0.03373015873015873
2 0.6997354497354498 0.8239087301587301 0.03505291005291005 0.018353174603174604
2 0.7328042328042328 0.7867063492063492 0.03902116402116402 0.022817460317460316
2 0.8578042328042328 0.7514880952380952 0.061507936507936505 0.023809523809523808
2 0.9206349206349206 0.7609126984126984 0.026455026455026454 0.017361111111111112
2 0.792989417989418 0.7321428571428571 0.02976190476190476 0.016865079365079364
2 0.6203703703703703 0.7202380952380952 0.03505291005291005 0.021825396825396824
2 0.49603174603174605 0.6750992063492064 0.04034391534391534 0.030753968253968252
2 0.48214285714285715 0.7445436507936508 0.027116402116402115 0.02976190476190476
2 0.5072751322751323 0.7450396825396826 0.02447089947089947 0.019345238095238096
2 0.5436507936507936 0.7341269841269841 0.021825396825396824 0.015376984126984126
2 0.6428571428571429 0.7385912698412699 0.021825396825396824 0.014384920634920634
2 0.8346560846560847 0.7991071428571429 0.042328042328042326 0.021825396825396824
2 0.453042328042328 0.8070436507936508 0.023809523809523808 0.015873015873015872
2 0.576058201058201 0.6468253968253969 0.027777777777777776 0.018353174603174604
2 0.6428571428571429 0.5823412698412699 0.026455026455026454 0.018353174603174604
2 0.5707671957671958 0.5441468253968254 0.031746031746031744 0.023809523809523808
2 0.5952380952380952 0.5753968253968254 0.022486772486772486 0.015376984126984126
4 0.6190476190476191 0.4806547619047619 0.03902116402116402 0.036210317460317464
0 0.6964285714285714 0.4990079365079365 0.032407407407407406 0.03422619047619048
3 0.7103174603174603 0.5376984126984127 0.03835978835978836 0.031746031746031744
5 0.6878306878306878 0.5902777777777778 0.031746031746031744 0.037698412698412696
5 0.6071428571428571 0.6572420634920635 0.03373015873015873 0.027281746031746032
4 0.707010582010582 0.6463293650793651 0.052248677248677246 0.036210317460317464
0 0.5337301587301587 0.6349206349206349 0.02513227513227513 0.028769841269841268
0 0.5191798941798942 0.6130952380952381 0.031084656084656083 0.0248015873015873
0 0.4437830687830688 0.5625 0.0496031746031746 0.03670634920634921
2 0.22883597883597884 0.7088293650793651 0.03902116402116402 0.028273809523809524
2 0.25 0.8209325396825397 0.04298941798941799 0.026785714285714284
5 0.10648148148148148 0.722718253968254 0.07341269841269842 0.06597222222222222
4 0.10714285714285714 0.533234126984127 0.09854497354497355 0.07390873015873016
5 0.10185185185185185 0.6150793650793651 0.08134920634920635 0.07242063492063493
5 0.22883597883597884 0.7688492063492064 0.0667989417989418 0.042162698412698416
5 0.1884920634920635 0.8328373015873016 0.05489417989417989 0.04563492063492063
4 0.07738095238095238 0.9097222222222222 0.13690476190476192 0.12400793650793651
5 0.18386243386243387 0.8859126984126984 0.04828042328042328 0.0441468253968254
0 0.31415343915343913 0.8472222222222222 0.04894179894179894 0.036210317460317464
0 0.38095238095238093 0.8293650793650794 0.04497354497354497 0.033234126984126984
5 0.5720899470899471 0.7058531746031746 0.056216931216931214 0.04017857142857143
2 0.4537037037037037 0.7301587301587301 0.031746031746031744 0.03571428571428571
0 0.671957671957672 0.7083333333333334 0.041005291005291 0.016865079365079364
0 0.5595238095238095 0.5853174603174603 0.03505291005291005 0.0248015873015873
0 0.5648148148148148 0.6264880952380952 0.02447089947089947 0.016865079365079364
0 0.6011904761904762 0.5967261904761905 0.026455026455026454 0.024305555555555556
0 0.9563492063492064 0.5322420634920635 0.04497354497354497 0.0248015873015873
0 0.9298941798941799 0.6547619047619048 0.06018518518518518 0.018849206349206348
0 0.583994708994709 0.45436507936507936 0.036375661375661374 0.021825396825396824
1 0.6541005291005291 0.48412698412698413 0.03571428571428571 0.034722222222222224
4 0.31084656084656087 0.10962301587301587 0.0667989417989418 0.05555555555555555