1 0.5390211640211641 0.7723214285714286 0.04828042328042328 0.0882936507936508
4 0.4781746031746032 0.746031746031746 0.03835978835978836 0.04712301587301587
4 0.4861111111111111 0.595734126984127 0.037698412698412696 0.04513888888888889
4 0.41534391534391535 0.4742063492063492 0.03571428571428571 0.03125
4 0.460978835978836 0.4895833333333333 0.03835978835978836 0.041666666666666664
4 0.5509259259259259 0.4895833333333333 0.037698412698412696 0.042162698412698416
4 0.4113756613756614 0.5322420634920635 0.031084656084656083 0.027281746031746032
4 0.22883597883597884 0.7653769841269841 0.03373015873015873 0.02628968253968254
4 0.328042328042328 0.8462301587301587 0.03902116402116402 0.028273809523809524
4 0.23743386243386244 0.5615079365079365 0.03042328042328042 0.027777777777777776
4 0.3915343915343915 0.3566468253968254 0.03902116402116402 0.03968253968253968
4 0.5185185185185185 0.3373015873015873 0.037698412698412696 0.044642857142857144
4 0.951058201058201 0.5684523809523809 0.07804232804232804 0.06696428571428571
4 0.6514550264550265 0.8050595238095238 0.083994708994709 0.056051587301587304
4 0.4973544973544973 0.9474206349206349 0.05357142857142857 0.06646825396825397
5 0.9325396825396826 0.8313492063492064 0.12037037037037036 0.06398809523809523
5 0.328042328042328 0.6493055555555556 0.05555555555555555 0.03373015873015873
5 0.3664021164021164 0.5778769841269841 0.04431216931216931 0.021825396825396824
5 0.2724867724867725 0.5297619047619048 0.03902116402116402 0.033234126984126984
5 0.2777777777777778 0.6180555555555556 0.04034391534391534 0.023809523809523808
5 0.289021164021164 0.6919642857142857 0.037037037037037035 0.02628968253968254
5 0.35714285714285715 0.22569444444444445 0.031084656084656083 0.03273809523809524
0 0.24206349206349206 0.08581349206349206 0.027777777777777776 0.028769841269841268
0 0.548941798941799 0.21726190476190477 0.03042328042328042 0.032242063492063495
6 0.5582010582010583 0.41021825396825395 0.041666666666666664 0.05357142857142857
1 0.9193121693121693 0.09771825396825397 0.09391534391534391 0.19146825396825398
2 0.7235449735449735 0.14037698412698413 0.037037037037037035 0.029265873015873016
4 0.46494708994708994 0.18452380952380953 0.05092592592592592 0.0992063492063492
2 0.32275132275132273 0.08134920634920635 0.03373015873015873 0.025297619047619048
2 0.43187830687830686 0.20386904761904762 0.022486772486772486 0.024305555555555556
0 0.2691798941798942 0.4851190476190476 0.0496031746031746 0.025297619047619048
0 0.2876984126984127 0.2003968253968254 0.028439153439153438 0.030753968253968252
4 0.2585978835978836 0.16418650793650794 0.046957671957671955 0.039186507936507936
0 0.8458994708994709 0.3253968253968254 0.1111111111111111 0.07589285714285714
4 0.2843915343915344 0.3844246031746032 0.07407407407407407 0.04563492063492063
4 0.33664021164021163 0.3030753968253968 0.037698412698412696 0.025297619047619048
4 0.375 0.4236111111111111 0.046296296296296294 0.031746031746031744
0 0.35185185185185186 0.39632936507936506 0.026455026455026454 0.020833333333333332
2 0.28174603174603174 0.34672619047619047 0.017857142857142856 0.018353174603174604
5 0.29365079365079366 0.25793650793650796 0.0205026455026455 0.015376984126984126
0 0.32671957671957674 0.23363095238095238 0.02513227513227513 0.023313492063492064
0 0.5767195767195767 0.07043650793650794 0.027777777777777776 0.043154761904761904
4 0.458994708994709 0.10267857142857142 0.036375661375661374 0.037698412698412696
7 0.2175925925925926 0.1626984126984127 0.031084656084656083 0.03422619047619048
4 0.5026455026455027 0.621031746031746 0.03373015873015873 0.033234126984126984
1 0.20105820105820105 0.8174603174603174 0.05026455026455026 0.03869047619047619
4 0.2466931216931217 0.8442460317460317 0.031746031746031744 0.0248015873015873
2 0.1765873015873016 0.9350198412698413 0.036375661375661374 0.025297619047619048
4 0.3353174603174603 0.9677579365079365 0.056878306878306875 0.05406746031746032
4 0.3783068783068783 0.034722222222222224 0.04563492063492063 0.06944444444444445
4 0.21957671957671956 0.1349206349206349 0.023809523809523808 0.021825396825396824
4 0.4947089947089947 0.3586309523809524 0.03439153439153439 0.056051587301587304