6 0.5985449735449735 0.6904761904761905 0.09656084656084656 0.08035714285714286
6 0.7645502645502645 0.5119047619047619 0.0873015873015873 0.054563492063492064
6 0.16865079365079366 0.9290674603174603 0.1078042328042328 0.05654761904761905
6 0.25 0.1736111111111111 0.05886243386243386 0.03125
6 0.2612433862433862 0.47023809523809523 0.07738095238095238 0.03571428571428571
6 0.3974867724867725 0.527281746031746 0.051587301587301584 0.036210317460317464
2 0.18584656084656084 0.8328373015873016 0.03042328042328042 0.029265873015873016
2 0.7976190476190477 0.8874007936507936 0.041005291005291 0.028273809523809524
2 0.30092592592592593 0.13293650793650794 0.023809523809523808 0.018353174603174604
2 0.2056878306878307 0.2058531746031746 0.03373015873015873 0.02132936507936508
4 0.49272486772486773 0.12797619047619047 0.027777777777777776 0.032242063492063495
4 0.6005291005291006 0.35912698412698413 0.05026455026455026 0.03571428571428571
4 0.3201058201058201 0.35962301587301587 0.0701058201058201 0.03819444444444445
4 0.5912698412698413 0.4469246031746032 0.051587301587301584 0.02628968253968254
4 0.32936507936507936 0.4548611111111111 0.05555555555555555 0.04662698412698413
4 0.4212962962962963 0.23015873015873015 0.05092592592592592 0.021825396825396824
4 0.546957671957672 0.23660714285714285 0.037037037037037035 0.028769841269841268
4 0.7156084656084656 0.2390873015873016 0.037698412698412696 0.025793650793650792
4 0.58994708994709 0.21329365079365079 0.05092592592592592 0.025793650793650792
4 0.33134920634920634 0.3125 0.04828042328042328 0.03521825396825397
4 0.5324074074074074 0.5287698412698413 0.05092592592592592 0.03720238095238095
0 0.7242063492063492 0.2708333333333333 0.03902116402116402 0.022817460317460316
4 0.48677248677248675 0.2003968253968254 0.03373015873015873 0.020833333333333332
4 0.6964285714285714 0.3784722222222222 0.04497354497354497 0.0248015873015873
4 0.5 0.29910714285714285 0.03571428571428571 0.020833333333333332
7 0.6296296296296297 0.26785714285714285 0.031084656084656083 0.02132936507936508
7 0.17328042328042328 0.3353174603174603 0.052248677248677246 0.03422619047619048
5 0.593915343915344 0.40773809523809523 0.02513227513227513 0.026785714285714284
5 0.5423280423280423 0.3333333333333333 0.03439153439153439 0.032242063492063495
0 0.31613756613756616 0.2361111111111111 0.05026455026455026 0.034722222222222224
0 0.43253968253968256 0.10813492063492064 0.037698412698412696 0.021825396825396824
0 0.4087301587301587 0.0818452380952381 0.031084656084656083 0.023809523809523808
7 0.7612433862433863 0.03670634920634921 0.02976190476190476 0.05406746031746032
4 0.5264550264550265 0.17311507936507936 0.031084656084656083 0.021825396825396824
4 0.5727513227513228 0.28422619047619047 0.025793650793650792 0.026785714285714284
4 0.7288359788359788 0.3447420634920635 0.04431216931216931 0.025793650793650792
4 0.48544973544973546 0.6145833333333334 0.041666666666666664 0.03273809523809524
5 0.7506613756613757 0.5863095238095238 0.046957671957671955 0.028273809523809524
4 0.4351851851851852 0.7708333333333334 0.082010582010582 0.03968253968253968
4 0.841931216931217 0.8382936507936508 0.05886243386243386 0.06845238095238096
0 0.6646825396825397 0.43353174603174605 0.041005291005291 0.0248015873015873
2 0.6177248677248677 0.18898809523809523 0.02513227513227513 0.016865079365079364
7 0.5013227513227513 0.09573412698412699 0.046957671957671955 0.026785714285714284
4 0.43915343915343913 0.05654761904761905 0.03373015873015873 0.025297619047619048
7 0.36044973544973546 0.05803571428571429 0.07076719576719577 0.028273809523809524
7 0.21296296296296297 0.07390873015873016 0.046296296296296294 0.026785714285714284
4 0.49537037037037035 0.05555555555555555 0.027777777777777776 0.020337301587301588
5 0.7579365079365079 0.07886904761904762 0.021825396825396824 0.021825396825396824
4 0.051587301587301584 0.061507936507936505 0.03968253968253968 0.042162698412698416
0 0.09986772486772487 0.018849206349206348 0.04298941798941799 0.03720238095238095
4 0.5436507936507936 0.06299603174603174 0.0291005291005291 0.027777777777777776
2 0.5753968253968254 0.1001984126984127 0.026455026455026454 0.022321428571428572
5 0.6375661375661376 0.5545634920634921 0.04894179894179894 0.03968253968253968