4 0.5284391534391535 0.18154761904761904 0.0701058201058201 0.05505952380952381
4 0.6481481481481481 0.08878968253968254 0.07473544973544974 0.054563492063492064
4 0.6051587301587301 0.17857142857142858 0.04563492063492063 0.04017857142857143
4 0.7638888888888888 0.07738095238095238 0.056216931216931214 0.053075396825396824
4 0.5198412698412699 0.47619047619047616 0.042328042328042326 0.03125
4 0.7738095238095238 0.5238095238095238 0.04497354497354497 0.03422619047619048
4 0.7572751322751323 0.6091269841269841 0.046296296296296294 0.031746031746031744
4 0.957010582010582 0.5079365079365079 0.061507936507936505 0.03422619047619048
4 0.6402116402116402 0.6865079365079365 0.04298941798941799 0.025793650793650792
4 0.6441798941798942 0.6388888888888888 0.05423280423280423 0.034722222222222224
4 0.37037037037037035 0.40625 0.0667989417989418 0.049107142857142856
4 0.16534391534391535 0.5128968253968254 0.07473544973544974 0.04117063492063492
4 0.2261904761904762 0.6001984126984127 0.0582010582010582 0.023809523809523808
4 0.20238095238095238 0.8323412698412699 0.09060846560846561 0.06101190476190476
4 0.13227513227513227 0.779265873015873 0.12698412698412698 0.07936507936507936
4 0.4398148148148148 0.5218253968253969 0.05952380952380952 0.042162698412698416
4 0.4695767195767196 0.6592261904761905 0.06613756613756613 0.02628968253968254
4 0.2757936507936508 0.6428571428571429 0.0582010582010582 0.05952380952380952
2 0.2791005291005291 0.8234126984126984 0.056878306878306875 0.04811507936507937
2 0.4623015873015873 0.8536706349206349 0.05026455026455026 0.03521825396825397
2 0.3776455026455027 0.8745039682539683 0.027116402116402115 0.016865079365079364
2 0.4060846560846561 0.9370039682539683 0.05952380952380952 0.03273809523809524
2 0.31415343915343913 0.9057539682539683 0.032407407407407406 0.033234126984126984
2 0.25992063492063494 0.9325396825396826 0.02976190476190476 0.017361111111111112
2 0.1746031746031746 0.9290674603174603 0.04497354497354497 0.02628968253968254
2 0.1111111111111111 0.910218253968254 0.031746031746031744 0.022321428571428572
2 0.4834656084656085 0.9250992063492064 0.03571428571428571 0.028273809523809524
2 0.42063492063492064 0.9866071428571429 0.037698412698412696 0.025793650793650792
2 0.5165343915343915 0.9558531746031746 0.04365079365079365 0.023809523809523808
2 0.5337301587301587 0.8973214285714286 0.02976190476190476 0.022817460317460316
2 0.5244708994708994 0.8169642857142857 0.03373015873015873 0.022817460317460316
2 0.7142857142857143 0.8313492063492064 0.021825396825396824 0.020337301587301588
2 0.6845238095238095 0.8804563492063492 0.03042328042328042 0.021825396825396824
2 0.6316137566137566 0.9156746031746031 0.027777777777777776 0.013392857142857142
2 0.7394179894179894 0.9538690476190477 0.022486772486772486 0.026785714285714284
2 0.7314814814814815 0.8764880952380952 0.02447089947089947 0.023809523809523808
2 0.8617724867724867 0.9107142857142857 0.03373015873015873 0.03670634920634921
2 0.830026455026455 0.7633928571428571 0.023148148148148147 0.025793650793650792
2 0.8902116402116402 0.7142857142857143 0.015873015873015872 0.010912698412698412
2 0.9378306878306878 0.71875 0.027777777777777776 0.01240079365079365
2 0.9444444444444444 0.6264880952380952 0.027116402116402115 0.013392857142857142
2 0.9431216931216931 0.5565476190476191 0.0291005291005291 0.021825396825396824
2 0.9193121693121693 0.6051587301587301 0.021164021164021163 0.014384920634920634
2 0.791005291005291 0.7132936507936508 0.0205026455026455 0.015376984126984126
2 0.8756613756613757 0.5193452380952381 0.03571428571428571 0.026785714285714284
6 0.5284391534391535 0.6006944444444444 0.03439153439153439 0.023313492063492064
6 0.6898148148148148 0.5729166666666666 0.052248677248677246 0.04563492063492063
6 0.7222222222222222 0.7113095238095238 0.05423280423280423 0.032242063492063495
6 0.6038359788359788 0.7445436507936508 0.04298941798941799 0.028273809523809524
6 0.841931216931217 0.4880952380952381 0.056216931216931214 0.03422619047619048
4 0.49404761904761907 0.5570436507936508 0.05026455026455026 0.04513888888888889
4 0.4794973544973545 0.3834325396825397 0.06547619047619048 0.036210317460317464
4 0.5588624338624338 0.30952380952380953 0.06283068783068783 0.04662698412698413
4 0.6322751322751323 0.2802579365079365 0.07539682539682539 0.05853174603174603
4 0.36574074074074076 0.18700396825396826 0.06481481481481481 0.037698412698412696
4 0.1335978835978836 0.2767857142857143 0.07804232804232804 0.04365079365079365
4 0.966931216931217 0.3472222222222222 0.061507936507936505 0.03670634920634921
4 0.8048941798941799 0.33581349206349204 0.04365079365079365 0.04365079365079365
2 0.8214285714285714 0.6329365079365079 0.04497354497354497 0.023313492063492064
2 0.5753968253968254 0.6964285714285714 0.025793650793650792 0.017361111111111112
2 0.31283068783068785 0.7475198412698413 0.036375661375661374 0.027281746031746032
4 0.03505291005291005 0.36160714285714285 0.0701058201058201 0.05357142857142857
4 0.07407407407407407 0.5446428571428571 0.07275132275132275 0.05803571428571429
4 0.20238095238095238 0.37003968253968256 0.12698412698412698 0.07589285714285714
4 0.2804232804232804 0.2390873015873016 0.06613756613756613 0.06498015873015874
4 0.43386243386243384 0.23561507936507936 0.04497354497354497 0.03521825396825397
5 0.6474867724867724 0.46825396825396826 0.03505291005291005 0.03422619047619048
5 0.3915343915343915 0.5079365079365079 0.04431216931216931 0.043154761904761904
5 0.42724867724867727 0.5882936507936508 0.04431216931216931 0.03273809523809524
5 0.5317460317460317 0.7326388888888888 0.03968253968253968 0.020833333333333332
5 0.798941798941799 0.6800595238095238 0.02976190476190476 0.027281746031746032
1 0.8373015873015873 0.052083333333333336 0.10714285714285714 0.08531746031746032
4 0.4914021164021164 0.24801587301587302 0.07142857142857142 0.08035714285714286
4 0.5555555555555556 0.06448412698412699 0.0667989417989418 0.08432539682539683
4 0.4576719576719577 0.44642857142857145 0.06018518518518518 0.05555555555555555
4 0.44576719576719576 0.7197420634920635 0.09656084656084656 0.05853174603174603
2 0.7671957671957672 0.8120039682539683 0.03968253968253968 0.02628968253968254
0 0.4279100529100529 0.13740079365079366 0.057539682539682536 0.08134920634920635
5 0.6752645502645502 0.21279761904761904 0.06944444444444445 0.06448412698412699
0 0.7268518518518519 0.26537698412698413 0.0582010582010582 0.028273809523809524
0 0.5892857142857143 0.4623015873015873 0.04298941798941799 0.028769841269841268
4 0.18981481481481483 0.7088293650793651 0.05952380952380952 0.03819444444444445
4 0.36507936507936506 0.7663690476190477 0.042328042328042326 0.037698412698412696
1 0.45701058201058203 0.7574404761904762 0.08465608465608465 0.04563492063492063
0 0.3492063492063492 0.6537698412698413 0.04431216931216931 0.031746031746031744
0 0.13293650793650794 0.5967261904761905 0.06349206349206349 0.032242063492063495
0 0.16997354497354497 0.6502976190476191 0.05886243386243386 0.040674603174603176
5 0.25396825396825395 0.45634920634920634 0.09193121693121693 0.05704365079365079
2 0.2857142857142857 0.6979166666666666 0.04563492063492063 0.032242063492063495
2 0.3584656084656085 0.59375 0.041005291005291 0.028273809523809524
5 0.3716931216931217 0.4603174603174603 0.05423280423280423 0.03869047619047619
5 0.7903439153439153 0.5654761904761905 0.03373015873015873 0.034722222222222224
0 0.7037037037037037 0.5188492063492064 0.04431216931216931 0.030257936507936508
5 0.8849206349206349 0.12103174603174603 0.046957671957671955 0.04117063492063492
7 0.955026455026455 0.24950396825396826 0.06084656084656084 0.04117063492063492
7 0.4398148148148148 0.32242063492063494 0.07473544973544974 0.04811507936507937
0 0.6402116402116402 0.42212301587301587 0.03571428571428571 0.02628968253968254
0 0.703042328042328 0.36607142857142855 0.037698412698412696 0.028273809523809524
0 0.7341269841269841 0.3149801587301587 0.04298941798941799 0.03521825396825397
0 0.7466931216931217 0.35367063492063494 0.028439153439153438 0.03373015873015873
0 0.8544973544973545 0.43253968253968256 0.03373015873015873 0.02628968253968254
0 0.9146825396825397 0.4632936507936508 0.041666666666666664 0.021825396825396824
5 0.9609788359788359 0.6884920634920635 0.07142857142857142 0.03571428571428571
2 0.8498677248677249 0.7068452380952381 0.036375661375661374 0.027777777777777776
0 0.707010582010582 0.6507936507936508 0.07275132275132275 0.04861111111111111
2 0.7493386243386243 0.6592261904761905 0.037698412698412696 0.022817460317460316
2 0.6084656084656085 0.6076388888888888 0.032407407407407406 0.026785714285714284
2 0.5535714285714286 0.5104166666666666 0.04034391534391534 0.029265873015873016
5 0.7731481481481481 0.41418650793650796 0.04828042328042328 0.03670634920634921
0 0.6362433862433863 0.3482142857142857 0.06084656084656084 0.044642857142857144
2 0.7956349206349206 0.2926587301587302 0.046957671957671955 0.03521825396825397
0 0.8882275132275133 0.30853174603174605 0.052248677248677246 0.04265873015873016
7 0.7976190476190477 0.15773809523809523 0.04563492063492063 0.040674603174603176
0 0.4642857142857143 0.033234126984126984 0.05357142857142857 0.03521825396825397
0 0.9523809523809523 0.13938492063492064 0.05952380952380952 0.05109126984126984
0 0.31547619047619047 0.5694444444444444 0.04894179894179894 0.037698412698412696
0 0.5376984126984127 0.6468253968253969 0.04365079365079365 0.021825396825396824
5 0.5211640211640212 0.6924603174603174 0.04828042328042328 0.027777777777777776
0 0.656084656084656 0.7455357142857143 0.03902116402116402 0.02628968253968254
0 0.7380952380952381 0.7554563492063492 0.041666666666666664 0.022321428571428572
2 0.7843915343915344 0.7757936507936508 0.02976190476190476 0.02132936507936508
0 0.830026455026455 0.5773809523809523 0.036375661375661374 0.02628968253968254
2 0.8690476190476191 0.6026785714285714 0.01984126984126984 0.02628968253968254
4 0.9656084656084656 0.5813492063492064 0.04894179894179894 0.023809523809523808
0 0.8822751322751323 0.5595238095238095 0.037037037037037035 0.020833333333333332
3 0.9788359788359788 0.4677579365079365 0.042328042328042326 0.03968253968253968
0 0.6924603174603174 0.6190476190476191 0.041005291005291 0.027777777777777776