4 0.40343915343915343 0.33134920634920634 0.11044973544973545 0.05505952380952381
4 0.5297619047619048 0.2177579365079365 0.09259259259259259 0.06299603174603174
4 0.38955026455026454 0.5168650793650794 0.09457671957671958 0.05109126984126984
4 0.47023809523809523 0.6383928571428571 0.07671957671957672 0.025793650793650792
4 0.38425925925925924 0.4226190476190476 0.10119047619047619 0.0763888888888889
4 0.35978835978835977 0.12996031746031747 0.13690476190476192 0.13343253968253968
4 0.667989417989418 0.1626984126984127 0.15211640211640212 0.0873015873015873
4 0.4556878306878307 0.6889880952380952 0.11904761904761904 0.05555555555555555
4 0.17261904761904762 0.6686507936507936 0.07804232804232804 0.06597222222222222
4 0.6931216931216931 0.43700396825396826 0.07076719576719577 0.044642857142857144
4 0.916005291005291 0.4816468253968254 0.06283068783068783 0.042162698412698416
4 0.8816137566137566 0.5768849206349206 0.06349206349206349 0.031746031746031744
4 0.49537037037037035 0.4523809523809524 0.06481481481481481 0.04265873015873016
4 0.7162698412698413 0.6125992063492064 0.06018518518518518 0.036210317460317464
4 0.15542328042328044 0.8184523809523809 0.11177248677248677 0.06101190476190476
4 0.062169312169312166 0.6488095238095238 0.083994708994709 0.04265873015873016
4 0.18452380952380953 0.41021825396825395 0.10648148148148148 0.04265873015873016
6 0.830026455026455 0.6716269841269841 0.07473544973544974 0.031746031746031744
6 0.6666666666666666 0.7023809523809523 0.05291005291005291 0.031746031746031744
6 0.7843915343915344 0.5456349206349206 0.06746031746031746 0.04811507936507937
4 0.7103174603174603 0.6552579365079365 0.05555555555555555 0.031746031746031744
2 0.9781746031746031 0.7108134920634921 0.025793650793650792 0.01488095238095238
2 0.8062169312169312 0.7752976190476191 0.028439153439153438 0.01636904761904762
2 0.8167989417989417 0.8214285714285714 0.027116402116402115 0.017361111111111112
2 0.7579365079365079 0.8224206349206349 0.027777777777777776 0.018353174603174604
2 0.5773809523809523 0.8333333333333334 0.026455026455026454 0.014384920634920634
2 0.5628306878306878 0.7619047619047619 0.022486772486772486 0.016865079365079364
2 0.9788359788359788 0.8551587301587301 0.041666666666666664 0.030753968253968252
2 0.9087301587301587 0.7237103174603174 0.03505291005291005 0.018849206349206348
2 0.8809523809523809 0.7599206349206349 0.046957671957671955 0.030753968253968252
2 0.5502645502645502 0.8859126984126984 0.036375661375661374 0.019345238095238096
2 0.5198412698412699 0.8596230158730159 0.031084656084656083 0.024305555555555556
2 0.5925925925925926 0.9315476190476191 0.022486772486772486 0.01984126984126984
2 0.5059523809523809 0.9429563492063492 0.01917989417989418 0.01488095238095238
2 0.44907407407407407 0.9122023809523809 0.03505291005291005 0.021825396825396824
2 0.3955026455026455 0.8169642857142857 0.03439153439153439 0.02132936507936508
2 0.32671957671957674 0.84375 0.0291005291005291 0.028273809523809524
2 0.25727513227513227 0.8705357142857143 0.023148148148148147 0.017857142857142856
2 0.25132275132275134 0.9578373015873016 0.036375661375661374 0.028273809523809524
2 0.43452380952380953 0.8700396825396826 0.06547619047619048 0.031746031746031744
2 0.4947089947089947 0.7976190476190477 0.05092592592592592 0.03720238095238095
2 0.25793650793650796 0.7931547619047619 0.07208994708994709 0.04017857142857143
2 0.0701058201058201 0.8784722222222222 0.02976190476190476 0.022817460317460316
2 0.5396825396825397 0.5823412698412699 0.031084656084656083 0.01984126984126984
2 0.5641534391534392 0.4861111111111111 0.047619047619047616 0.030257936507936508
2 0.6547619047619048 0.5863095238095238 0.05291005291005291 0.022817460317460316
2 0.6904761904761905 0.8541666666666666 0.027116402116402115 0.01488095238095238
5 0.47883597883597884 0.5406746031746031 0.07142857142857142 0.04861111111111111
2 0.6197089947089947 0.6656746031746031 0.036375661375661374 0.01984126984126984
0 0.28835978835978837 0.6537698412698413 0.05423280423280423 0.01984126984126984
7 0.16335978835978837 0.8819444444444444 0.04497354497354497 0.019345238095238096
4 0.06878306878306878 0.7485119047619048 0.06084656084656084 0.022817460317460316
4 0.35978835978835977 0.7380952380952381 0.04563492063492063 0.026785714285714284
4 0.041666666666666664 0.8045634920634921 0.08267195767195767 0.06448412698412699
5 0.2328042328042328 0.470734126984127 0.0701058201058201 0.039186507936507936
0 0.29298941798941797 0.5178571428571429 0.0582010582010582 0.05357142857142857
0 0.2876984126984127 0.6021825396825397 0.04894179894179894 0.023313492063492064
3 0.19907407407407407 0.5947420634920635 0.056216931216931214 0.043154761904761904
4 0.29563492063492064 0.26686507936507936 0.0992063492063492 0.06498015873015874
0 0.6785714285714286 0.26587301587301587 0.09457671957671958 0.06001984126984127
0 0.6044973544973545 0.43253968253968256 0.06084656084656084 0.025793650793650792
0 0.6871693121693122 0.37648809523809523 0.0496031746031746 0.037698412698412696
7 0.5608465608465608 0.6294642857142857 0.042328042328042326 0.027777777777777776
2 0.5681216931216931 0.6979166666666666 0.041005291005291 0.023809523809523808
7 0.5509259259259259 0.6636904761904762 0.057539682539682536 0.030753968253968252
0 0.7883597883597884 0.5902777777777778 0.052248677248677246 0.023809523809523808
0 0.871031746031746 0.626984126984127 0.03902116402116402 0.018353174603174604
1 0.8035714285714286 0.6220238095238095 0.0873015873015873 0.044642857142857144
5 0.9404761904761905 0.6398809523809523 0.03835978835978836 0.027777777777777776
0 0.7374338624338624 0.6989087301587301 0.04828042328042328 0.022817460317460316
4 0.8551587301587301 0.7053571428571429 0.057539682539682536 0.020337301587301588
0 0.8062169312169312 0.4880952380952381 0.06944444444444445 0.030753968253968252
5 0.9246031746031746 0.34672619047619047 0.083994708994709 0.047619047619047616
4 0.798941798941799 0.28869047619047616 0.06415343915343916 0.029265873015873016
7 0.8564814814814815 0.20734126984126985 0.07142857142857142 0.047619047619047616
0 0.8743386243386243 0.2628968253968254 0.03505291005291005 0.03373015873015873
0 0.841931216931217 0.10912698412698413 0.10515873015873016 0.04365079365079365
4 0.22685185185185186 0.1359126984126984 0.09523809523809523 0.06547619047619048
7 0.042328042328042326 0.07936507936507936 0.08465608465608465 0.061507936507936505
3 0.7493386243386243 0.03521825396825397 0.1283068783068783 0.07043650793650794
3 0.03306878306878307 0.5014880952380952 0.06547619047619048 0.07192460317460317
5 0.9411375661375662 0.53125 0.03373015873015873 0.027281746031746032
2 0.9781746031746031 0.597718253968254 0.04365079365079365 0.03670634920634921
0 0.9781746031746031 0.22668650793650794 0.04365079365079365 0.0763888888888889
2 0.2724867724867725 0.7361111111111112 0.041666666666666664 0.023313492063492064
0 0.47619047619047616 0.716765873015873 0.10185185185185185 0.039186507936507936
2 0.2175925925925926 0.7078373015873016 0.046957671957671955 0.024305555555555556
2 0.021164021164021163 0.7033730158730159 0.042328042328042326 0.027281746031746032
2 0.3869047619047619 0.5783730158730159 0.05423280423280423 0.02976190476190476
0 0.9768518518518519 0.1527777777777778 0.04563492063492063 0.051587301587301584
4 0.4193121693121693 0.024305555555555556 0.13095238095238096 0.04861111111111111