4 0.40343915343915343 0.27976190476190477 0.06481481481481481 0.06101190476190476
6 0.5515873015873016 0.37103174603174605 0.05092592592592592 0.036210317460317464
6 0.2843915343915344 0.3685515873015873 0.06878306878306878 0.04365079365079365
0 0.958994708994709 0.3586309523809524 0.06481481481481481 0.050595238095238096
4 0.7705026455026455 0.25148809523809523 0.10846560846560846 0.054563492063492064
0 0.6025132275132276 0.26884920634920634 0.051587301587301584 0.04861111111111111
5 0.3201058201058201 0.0992063492063492 0.07936507936507936 0.04861111111111111
4 0.49007936507936506 0.1359126984126984 0.06415343915343916 0.044642857142857144
0 0.3888888888888889 0.19146825396825398 0.07142857142857142 0.040674603174603176
4 0.8630952380952381 0.14384920634920634 0.0667989417989418 0.03521825396825397
5 0.4728835978835979 0.34871031746031744 0.04497354497354497 0.03869047619047619
7 0.8022486772486772 0.5297619047619048 0.08068783068783068 0.05505952380952381
2 0.8498677248677249 0.45783730158730157 0.031084656084656083 0.019345238095238096
2 0.125 0.5828373015873016 0.04034391534391534 0.021825396825396824
2 0.7255291005291006 0.5838293650793651 0.027777777777777776 0.01636904761904762
2 0.5886243386243386 0.5838293650793651 0.03306878306878307 0.015376984126984126
2 0.7056878306878307 0.6646825396825397 0.03439153439153439 0.020337301587301588
2 0.8498677248677249 0.8020833333333334 0.023809523809523808 0.019345238095238096
2 0.833994708994709 0.8784722222222222 0.03306878306878307 0.025297619047619048
2 0.6646825396825397 0.8189484126984127 0.031084656084656083 0.016865079365079364
2 0.6878306878306878 0.7251984126984127 0.023809523809523808 0.014384920634920634
2 0.5833333333333334 0.7271825396825397 0.03902116402116402 0.02628968253968254
2 0.4933862433862434 0.8576388888888888 0.03373015873015873 0.023313492063492064
2 0.3373015873015873 0.8472222222222222 0.04365079365079365 0.023313492063492064
2 0.42923280423280424 0.8080357142857143 0.03968253968253968 0.023809523809523808
2 0.18121693121693122 0.8010912698412699 0.031746031746031744 0.015873015873015872
2 0.10515873015873016 0.8308531746031746 0.023809523809523808 0.022321428571428572
2 0.2533068783068783 0.7361111111111112 0.036375661375661374 0.028273809523809524
7 0.16071428571428573 0.6954365079365079 0.04894179894179894 0.031746031746031744
4 0.2585978835978836 0.6865079365079365 0.06613756613756613 0.054563492063492064
4 0.4722222222222222 0.5009920634920635 0.047619047619047616 0.03571428571428571
4 0.44576719576719576 0.41865079365079366 0.07076719576719577 0.03670634920634921
1 0.3802910052910053 0.4781746031746032 0.10648148148148148 0.04811507936507937
0 0.14417989417989419 0.4801587301587302 0.046296296296296294 0.033234126984126984
6 0.951058201058201 0.498015873015873 0.09788359788359788 0.06746031746031746
4 0.781084656084656 0.43005952380952384 0.10317460317460317 0.09176587301587301
1 0.7876984126984127 0.17857142857142858 0.09259259259259259 0.054563492063492064
7 0.4475895555555556 0.2606354742063492 0.46433905555555555 0.2818117301587301 0.5260476865079365 0.2811499831349206 0.5701252804232804 0.2593119811507937 0.6106766534391534 0.2414445863095238 0.5939272222222223 0.2017391636904762 0.5614665873015874 0.19560184722222224 0.49431183333333334 0.2083567341269841 0.4546419986772487 0.23615048412698414 0.4475895555555556 0.2606354742063492
5 0.11706349206349206 0.19593253968253968 0.08531746031746032 0.060515873015873016
2 0.15542328042328044 0.27529761904761907 0.046296296296296294 0.031746031746031744
0 0.2810846560846561 0.2757936507936508 0.05952380952380952 0.036210317460317464
4 0.2671957671957672 0.4593253968253968 0.06415343915343916 0.043154761904761904
2 0.18055555555555555 0.5376984126984127 0.042328042328042326 0.022321428571428572
4 0.27645502645502645 0.5257936507936508 0.06018518518518518 0.027777777777777776
5 0.6673280423280423 0.341765873015873 0.06613756613756613 0.03571428571428571
6 0.6633597883597884 0.40476190476190477 0.1130952380952381 0.07490079365079365
4 0.5793650793650794 0.5466269841269841 0.08862433862433862 0.0625
7 0.7797619047619048 0.7961309523809523 0.07341269841269842 0.050595238095238096
0 0.9735449735449735 0.42311507936507936 0.052248677248677246 0.018353174603174604
2 0.06812169312169312 0.46130952380952384 0.031084656084656083 0.015376984126984126
0 0.023148148148148147 0.3933531746031746 0.036375661375661374 0.023313492063492064
0 0.0698440119047619 0.0806878263888889 0.011975931216931216 0.10001256051587303 0.012857469576719578 0.12317405654761904 0.04900108201058201 0.13508567857142856 0.09043399338624339 0.11788000496031745 0.08867091666666667 0.09471850892857143 0.0698440119047619 0.0806878263888889
5 0.082010582010582 0.5277777777777778 0.08002645502645503 0.047619047619047616
2 0.5138888888888888 0.8125 0.028439153439153438 0.023313492063492064