0 0.49933862433862436 0.8779761904761905 0.051587301587301584 0.029265873015873016
5 0.2724867724867725 0.8149801587301587 0.05423280423280423 0.024305555555555556
5 0.4087301587301587 0.8229166666666666 0.05357142857142857 0.032242063492063495
5 0.4973544973544973 0.7628968253968254 0.0582010582010582 0.03869047619047619
5 0.6461640211640212 0.7604166666666666 0.04563492063492063 0.022817460317460316
5 0.4027777777777778 0.7068452380952381 0.046957671957671955 0.028273809523809524
5 0.5066137566137566 0.6185515873015873 0.04431216931216931 0.02628968253968254
5 0.5912698412698413 0.5724206349206349 0.041666666666666664 0.017857142857142856
5 0.373015873015873 0.564484126984127 0.06812169312169312 0.03720238095238095
5 0.3187830687830688 0.5024801587301587 0.06944444444444445 0.037698412698412696
5 0.2605820105820106 0.44345238095238093 0.08994708994708994 0.04861111111111111
0 0.6494708994708994 0.8759920634920635 0.037698412698412696 0.034722222222222224
2 0.5727513227513228 0.7599206349206349 0.032407407407407406 0.027281746031746032
7 0.6481481481481481 0.8134920634920635 0.16071428571428573 0.062003968253968256
1 0.7896825396825397 0.7341269841269841 0.056878306878306875 0.04861111111111111
2 0.716931216931217 0.7033730158730159 0.03373015873015873 0.017361111111111112
7 0.6455026455026455 0.6488095238095238 0.10185185185185185 0.07688492063492064
7 0.7420634920634921 0.5337301587301587 0.1130952380952381 0.09424603174603174
7 0.6177248677248677 0.4211309523809524 0.09457671957671958 0.0625
7 0.6362433862433863 0.3169642857142857 0.08531746031746032 0.08283730158730158
7 0.8657407407407407 0.2425595238095238 0.09986772486772487 0.08283730158730158
4 0.7533068783068783 0.08432539682539683 0.11838624338624339 0.10962301587301587
5 0.48677248677248675 0.3645833333333333 0.04563492063492063 0.032242063492063495
5 0.3551587301587302 0.35168650793650796 0.05026455026455026 0.025297619047619048
5 0.3637566137566138 0.2986111111111111 0.05026455026455026 0.024305555555555556
5 0.5 0.31398809523809523 0.04431216931216931 0.028273809523809524
5 0.5125661375661376 0.2663690476190476 0.05291005291005291 0.03125
5 0.4642857142857143 0.17609126984126985 0.05952380952380952 0.030753968253968252
5 0.08333333333333333 0.8526785714285714 0.05291005291005291 0.03670634920634921
5 0.083994708994709 0.6369047619047619 0.04894179894179894 0.040674603174603176
0 0.08994708994708994 0.5858134920634921 0.05092592592592592 0.029265873015873016
0 0.02513227513227513 0.5362103174603174 0.047619047619047616 0.03422619047619048
0 0.08796296296296297 0.42857142857142855 0.04298941798941799 0.034722222222222224
0 0.15079365079365079 0.373015873015873 0.05952380952380952 0.03819444444444445
0 0.15608465608465608 0.16517857142857142 0.051587301587301584 0.041666666666666664
2 0.7903439153439153 0.8660714285714286 0.027116402116402115 0.030753968253968252
2 0.9345238095238095 0.9216269841269841 0.04497354497354497 0.025793650793650792
2 0.9351851851851852 0.8625992063492064 0.03835978835978836 0.022817460317460316
4 0.8531746031746031 0.6443452380952381 0.04365079365079365 0.03968253968253968
4 0.9365079365079365 0.535218253968254 0.04828042328042328 0.03571428571428571
4 0.8095238095238095 0.1810515873015873 0.06481481481481481 0.039186507936507936
4 0.8835978835978836 0.1433531746031746 0.05357142857142857 0.03720238095238095
4 0.7123015873015873 0.2708333333333333 0.05555555555555555 0.03521825396825397
0 0.9755291005291006 0.4861111111111111 0.041666666666666664 0.025297619047619048
4 0.8816137566137566 0.48412698412698413 0.05555555555555555 0.03273809523809524
4 0.9464285714285714 0.376984126984127 0.06415343915343916 0.033234126984126984
4 0.8386243386243386 0.33630952380952384 0.05886243386243386 0.034722222222222224
5 0.5720899470899471 0.7048611111111112 0.05489417989417989 0.022321428571428572
0 0.20634920634920634 0.6974206349206349 0.042328042328042326 0.027281746031746032