7 0.6644805555555556 0.4139733035714286 0.6702061468253968 0.4163907777777778 0.6651962671957672 0.4128988660714286 0.6698482777777778 0.4112872202380952 0.6702061468253968 0.4112872202380952 0.6644805555555556 0.4043033988095238 0.6354948650793651 0.4123616527777778 0.6007836097883598 0.4402969305555555 0.5753763716931217 0.4617855942460317 0.6129504232804233 0.4776334811507936 0.661617787037037 0.44674351984126986 0.6644805555555556 0.4139733035714286
7 0.2698412698412698 0.5024801587301587 0.07804232804232804 0.18501984126984128
7 0.3498677248677249 0.621031746031746 0.11243386243386243 0.1746031746031746
0 0.5191798941798942 0.660218253968254 0.06415343915343916 0.031746031746031744
7 0.6117724867724867 0.6279761904761905 0.051587301587301584 0.05853174603174603
7 0.48743386243386244 0.8645833333333334 0.1283068783068783 0.09176587301587301
7 0.07142857142857142 0.8065476190476191 0.09126984126984126 0.09821428571428571
4 0.5833333333333334 0.20734126984126985 0.04894179894179894 0.03819444444444445
4 0.35383597883597884 0.2058531746031746 0.057539682539682536 0.04513888888888889
4 0.39351851851851855 0.2767857142857143 0.03306878306878307 0.034722222222222224
4 0.2976190476190476 0.3115079365079365 0.04497354497354497 0.0248015873015873
4 0.34325396825396826 0.3740079365079365 0.05092592592592592 0.03422619047619048
4 0.29828042328042326 0.376984126984127 0.04298941798941799 0.018353174603174604
4 0.4041005291005291 0.45634920634920634 0.0582010582010582 0.030753968253968252
4 0.34523809523809523 0.5124007936507936 0.03571428571428571 0.024305555555555556
4 0.20634920634920634 0.5505952380952381 0.037037037037037035 0.022321428571428572
4 0.18915343915343916 0.6319444444444444 0.06415343915343916 0.029265873015873016
4 0.20238095238095238 0.6661706349206349 0.07142857142857142 0.03125
4 0.3955026455026455 0.7400793650793651 0.037698412698412696 0.03571428571428571
4 0.18518518518518517 0.7569444444444444 0.06944444444444445 0.034722222222222224
4 0.26785714285714285 0.8174603174603174 0.0496031746031746 0.015873015873015872
4 0.2691798941798942 0.8998015873015873 0.03902116402116402 0.032242063492063495
5 0.17394179894179895 0.841765873015873 0.041666666666666664 0.020337301587301588
0 0.21891534391534392 0.8313492063492064 0.037037037037037035 0.02976190476190476
0 0.11507936507936507 0.7222222222222222 0.046957671957671955 0.027777777777777776
0 0.083994708994709 0.626984126984127 0.03902116402116402 0.04017857142857143
0 0.06349206349206349 0.5347222222222222 0.02976190476190476 0.036210317460317464
4 0.44312169312169314 0.6026785714285714 0.03835978835978836 0.01636904761904762
2 0.2837301587301587 0.6061507936507936 0.017857142857142856 0.01984126984126984
0 0.3287037037037037 0.4791666666666667 0.023148148148148147 0.028769841269841268
0 0.4755291005291005 0.5208333333333334 0.041005291005291 0.022321428571428572
0 0.4708994708994709 0.6765873015873016 0.026455026455026454 0.021825396825396824
5 0.5068822063492063 0.2870451597222222 0.4973624417989418 0.29944154563492065 0.5564852182539682 0.33550362996031746 0.5730195555555556 0.32498550694444445 0.5153998611111111 0.2881721359126984 0.5068822063492063 0.2870451597222222
5 0.4617885304232804 0.19087950496031747 0.39565118253968257 0.23144939781746032 0.4186990555555556 0.24609963988095238 0.4838343134920635 0.20252457242063493 0.4617885304232804 0.19087950496031747
1 0.4312250714285714 0.1334055128968254 0.44926253439153435 0.1427966765873016 0.48132911772486775 0.12701950694444444 0.5003686494708995 0.11349620932539682 0.4828322433862434 0.10260244146825397 0.4312250714285714 0.1334055128968254
7 0.7275132275132276 0.23859126984126985 0.052248677248677246 0.07837301587301587
7 0.671957671957672 0.20634920634920634 0.05423280423280423 0.07242063492063493
7 0.9923613690476191 0.2322058759920635 0.9767190211640212 0.21331147023809524 0.948475906084656 0.21070533234126984 0.8089987037037037 0.30615473115079367 0.8472354576719576 0.3377540228174603 0.9384822685185186 0.3354736468253968 0.9949683544973544 0.2895406726190476 0.9923613690476191 0.2322058759920635
7 0.8998109920634921 0.40411252976190476 0.8863411812169313 0.3471035009920635 0.8468010079365079 0.34384584623015874 0.8411522976190476 0.34482313194444447 0.8272481097883598 0.34742925595238094 0.7507745291005291 0.4321283700396825 0.7933563928571428 0.4503712648809524 0.8854722103174604 0.42887072123015874 0.8998109920634921 0.40411252976190476
1 0.8449426613756614 0.229032814484127 0.8557428439153439 0.23659023412698413 0.8557428439153439 0.23632032936507938 0.860782951058201 0.23766987698412698 0.8647429470899471 0.23389116170634922 0.9147837473544973 0.17667063789682538 0.885983298941799 0.16236550694444446 0.8381025648148148 0.17208220734126983 0.8449426613756614 0.229032814484127
7 0.3381343082010582 0.8189533313492063 0.3518549100529101 0.7994083839285714 0.3020033716931217 0.7496888412698414 0.25809743783068784 0.7428309781746032 0.24574889947089948 0.7483172678571429 0.2274547566137566 0.7527748898809524 0.22928418783068782 0.7726627123015873 0.3381343082010582 0.8189533313492063
1 0.29514307010582014 0.6697946597222222 0.24726253306878307 0.6528358779761905 0.24620624735449737 0.657450492063492 0.24117535846560847 0.6601936517857142 0.23614446957671956 0.6687659910714286 0.28279453174603175 0.683853302579365 0.29514307010582014 0.6697946597222222
0 0.16678993783068782 0.5228399375 0.15863931216931218 0.5054723888888889 0.1487727671957672 0.485692685515873 0.13826275000000002 0.4750791884920635 0.12903965873015874 0.47314946031746036 0.11145146296296296 0.4771697232142857 0.09214734788359788 0.48810484325396825 0.12517883333333335 0.5263777708333334 0.13954969444444443 0.5368304553571428 0.16593198677248677 0.5324885714285714 0.16678993783068782 0.5228399375
0 0.16271462566137568 0.5125480555555556 0.1649352671957672 0.516055998015873 0.1764420052910053 0.5159250803571428 0.19681856746031745 0.5004872628968253 0.18866794312169313 0.4520832728174603 0.08571264285714286 0.4554602906746032 0.09086040343915344 0.47379270138888885 0.10608920634920635 0.4805467470238095 0.12260495370370371 0.4742751378968254 0.1337584431216931 0.47298865079365077 0.14469745502645504 0.480225123015873 0.15156113492063492 0.4871399841269841 0.15713788888888888 0.5000048373015873 0.16271462566137568 0.5125480555555556
7 0.6104497354497355 0.7103174603174603 0.082010582010582 0.10615079365079365
7 0.6375661375661376 0.5575396825396826 0.056878306878306875 0.08581349206349206
7 0.6785714285714286 0.5952380952380952 0.051587301587301584 0.0689484126984127
7 0.7156084656084656 0.6284722222222222 0.03373015873015873 0.06349206349206349
4 0.7552910052910053 0.6617063492063492 0.027116402116402115 0.02976190476190476
4 0.7301587301587301 0.5649801587301587 0.027116402116402115 0.028273809523809524
0 0.5773809523809523 0.8883928571428571 0.046957671957671955 0.05803571428571429
7 0.8201058201058201 0.5431547619047619 0.032407407407407406 0.060515873015873016
4 0.6931216931216931 0.6641865079365079 0.023148148148148147 0.024305555555555556
7 0.7962962962962963 0.4732142857142857 0.14947089947089948 0.04117063492063492
4 0.7129629629629629 0.47767857142857145 0.08333333333333333 0.023809523809523808
4 0.9722222222222222 0.44642857142857145 0.04894179894179894 0.03670634920634921
4 0.8955026455026455 0.4895833333333333 0.04365079365079365 0.015376984126984126
4 0.9728835978835979 0.5044642857142857 0.05357142857142857 0.029265873015873016
0 0.7797619047619048 0.5089285714285714 0.0291005291005291 0.026785714285714284
2 0.6772486772486772 0.7271825396825397 0.01984126984126984 0.016865079365079364
2 0.6726190476190477 0.7946428571428571 0.01984126984126984 0.018849206349206348
2 0.6752645502645502 0.8551587301587301 0.023148148148148147 0.016865079365079364
2 0.746031746031746 0.7752976190476191 0.01521164021164021 0.013888888888888888
2 0.7731481481481481 0.7132936507936508 0.013227513227513227 0.01636904761904762
2 0.7890211640211641 0.683531746031746 0.013227513227513227 0.011408730158730158
0 0.8062169312169312 0.6294642857142857 0.017857142857142856 0.016865079365079364
0 0.8095238095238095 0.6021825396825397 0.017857142857142856 0.025297619047619048
4 0.8558201058201058 0.5243055555555556 0.022486772486772486 0.016865079365079364
0 0.8895502645502645 0.5034722222222222 0.015873015873015872 0.008928571428571428
4 0.8988095238095238 0.45783730158730157 0.03042328042328042 0.01636904761904762
4 0.9047619047619048 0.4751984126984127 0.025793650793650792 0.010912698412698412
0 0.9292328042328042 0.4990079365079365 0.028439153439153438 0.00992063492063492
4 0.878968253968254 0.5257936507936508 0.04034391534391534 0.013888888888888888
4 0.9047619047619048 0.5287698412698413 0.062169312169312166 0.017857142857142856
1 0.7255291005291006 0.7351190476190477 0.04497354497354497 0.09672619047619048
2 0.7255291005291006 0.8090277777777778 0.04365079365079365 0.0496031746031746
2 0.623015873015873 0.9067460317460317 0.017857142857142856 0.025793650793650792
2 0.021825396825396824 0.9216269841269841 0.03439153439153439 0.022817460317460316
4 0.022486772486772486 0.6860119047619048 0.04431216931216931 0.060515873015873016
1 0.046296296296296294 0.30853174603174605 0.09193121693121693 0.06299603174603174