1 0.032407407407407406 0.8308531746031746 0.04563492063492063 0.026785714285714284
1 0.0205026455026455 0.814484126984127 0.022486772486772486 0.01636904761904762
1 0.04431216931216931 0.7867063492063492 0.03439153439153439 0.019345238095238096
0 0.042328042328042326 0.7445436507936508 0.011904761904761904 0.01488095238095238
4 0.082010582010582 0.7217261904761905 0.017857142857142856 0.016865079365079364
4 0.0787037037037037 0.7058531746031746 0.025793650793650792 0.013392857142857142
3 0.06349206349206349 0.7509920634920635 0.012566137566137565 0.015873015873015872
6 0.7764550264550265 0.939484126984127 0.19973544973544974 0.12053571428571429
4 0.291005291005291 0.6185515873015873 0.09854497354497355 0.06448412698412699
6 0.45436507936507936 0.691468253968254 0.06349206349206349 0.059027777777777776
6 0.7711640211640212 0.720734126984127 0.05952380952380952 0.05257936507936508
0 0.580026455026455 0.8258928571428571 0.06746031746031746 0.06349206349206349
5 0.9451058201058201 0.7738095238095238 0.06878306878306878 0.05109126984126984
1 0.6263227513227513 0.6904761904761905 0.07407407407407407 0.05853174603174603
4 0.6726190476190477 0.5808531746031746 0.06415343915343916 0.03273809523809524
4 0.7559523809523809 0.5620039682539683 0.04563492063492063 0.026785714285714284
4 0.6726190476190477 0.5396825396825397 0.041666666666666664 0.031746031746031744
5 0.376984126984127 0.5997023809523809 0.06613756613756613 0.062003968253968256
3 0.3697089947089947 0.49206349206349204 0.06415343915343916 0.037698412698412696
7 0.22156084656084657 0.47371031746031744 0.061507936507936505 0.03571428571428571
4 0.3802910052910053 0.4459325396825397 0.04365079365079365 0.025793650793650792
2 0.2691798941798942 0.3621031746031746 0.027777777777777776 0.01636904761904762
3 0.7705026455026455 0.5024801587301587 0.046957671957671955 0.027281746031746032
3 0.6620370370370371 0.48561507936507936 0.06018518518518518 0.03373015873015873
7 0.7936507936507936 0.46825396825396826 0.04365079365079365 0.025793650793650792
4 0.5476190476190477 0.4330357142857143 0.03373015873015873 0.017361111111111112
4 0.6170634920634921 0.41865079365079366 0.02447089947089947 0.020337301587301588
0 0.7645502645502645 0.4027777777777778 0.037037037037037035 0.017361111111111112
3 0.75 0.37996031746031744 0.04034391534391534 0.02132936507936508
0 0.6726190476190477 0.4037698412698413 0.032407407407407406 0.020337301587301588
3 0.5846560846560847 0.3784722222222222 0.03505291005291005 0.023313492063492064
3 0.6190476190476191 0.3645833333333333 0.056216931216931214 0.026785714285714284
0 0.6421957671957672 0.34325396825396826 0.022486772486772486 0.015376984126984126
4 0.36772486772486773 0.3854166666666667 0.03968253968253968 0.029265873015873016
1 0.4689153439153439 0.37896825396825395 0.05423280423280423 0.023809523809523808
6 0.31415343915343913 0.3402777777777778 0.046296296296296294 0.020337301587301588
2 0.35978835978835977 0.3090277777777778 0.013227513227513227 0.011904761904761904
6 0.3101851851851852 0.20982142857142858 0.03439153439153439 0.02976190476190476
7 0.7294973544973545 0.24305555555555555 0.021825396825396824 0.036210317460317464
4 0.7314814814814815 0.27232142857142855 0.015873015873015872 0.013392857142857142
3 0.5238095238095238 0.30357142857142855 0.01984126984126984 0.023313492063492064
1 0.5257936507936508 0.35367063492063494 0.027777777777777776 0.015376984126984126
0 0.5568783068783069 0.3343253968253968 0.027116402116402115 0.016865079365079364
0 0.5687830687830688 0.31299603174603174 0.013888888888888888 0.017857142857142856
7 0.5304232804232805 0.28273809523809523 0.037698412698412696 0.015873015873015872
4 0.47156084656084657 0.2916666666666667 0.025793650793650792 0.012896825396825396
1 0.45436507936507936 0.27628968253968256 0.01917989417989418 0.014384920634920634
7 0.41203703703703703 0.2619047619047619 0.06084656084656084 0.017361111111111112
7 0.4748677248677249 0.2614087301587302 0.02513227513227513 0.017361111111111112
4 0.5211640211640212 0.25892857142857145 0.022486772486772486 0.011408730158730158
6 0.455026455026455 0.2003968253968254 0.02976190476190476 0.020833333333333332
1 0.4080687830687831 0.20932539682539683 0.01917989417989418 0.018849206349206348
1 0.5952380952380952 0.46279761904761907 0.028439153439153438 0.029265873015873016
6 0.917989417989418 0.658234126984127 0.11177248677248677 0.0763888888888889
1 0.2923280423280423 0.27380952380952384 0.036375661375661374 0.018353174603174604
4 0.3201058201058201 0.26438492063492064 0.023148148148148147 0.013888888888888888
1 0.4966931216931217 0.22916666666666666 0.01917989417989418 0.018849206349206348
2 0.5694444444444444 0.17857142857142858 0.015873015873015872 0.010912698412698412
1 0.5105820105820106 0.1909722222222222 0.0205026455026455 0.014384920634920634
6 0.48214285714285715 0.1661706349206349 0.01521164021164021 0.010912698412698412
7 0.45171957671957674 0.1746031746031746 0.021164021164021163 0.012896825396825396
7 0.5132275132275133 0.15327380952380953 0.01917989417989418 0.010912698412698412
4 0.5357142857142857 0.17162698412698413 0.01917989417989418 0.01488095238095238
4 0.20767195767195767 0.24702380952380953 0.031084656084656083 0.023809523809523808
7 0.15806878306878308 0.23214285714285715 0.017195767195767195 0.015376984126984126
6 0.15873015873015872 0.27827380952380953 0.02976190476190476 0.03373015873015873
3 0.35119047619047616 0.1736111111111111 0.023809523809523808 0.017361111111111112
4 0.3578042328042328 0.19246031746031747 0.021164021164021163 0.022321428571428572
6 0.3862433862433862 0.16220238095238096 0.0205026455026455 0.010416666666666666
0 0.38756613756613756 0.17559523809523808 0.015873015873015872 0.00992063492063492
0 0.2347883597883598 0.17509920634920634 0.03042328042328042 0.016865079365079364
5 0.2837301587301587 0.1626984126984127 0.026455026455026454 0.012896825396825396
4 0.2533068783068783 0.1349206349206349 0.03042328042328042 0.020337301587301588
5 0.2863756613756614 0.07886904761904762 0.022486772486772486 0.015376984126984126
6 0.3247354497354497 0.11011904761904762 0.031746031746031744 0.020833333333333332
1 0.36177248677248675 0.09424603174603174 0.01521164021164021 0.01636904761904762
3 0.3915343915343915 0.12996031746031747 0.01984126984126984 0.013392857142857142
7 0.36706349206349204 0.15128968253968253 0.023809523809523808 0.02132936507936508
4 0.5906084656084656 0.28422619047619047 0.021164021164021163 0.01240079365079365
4 0.41534391534391535 0.1661706349206349 0.021825396825396824 0.016865079365079364
4 0.5231481481481481 0.14087301587301587 0.021825396825396824 0.010912698412698412
7 0.4384920634920635 0.12946428571428573 0.023809523809523808 0.010912698412698412
4 0.4556878306878307 0.14285714285714285 0.017857142857142856 0.017857142857142856
4 0.43253968253968256 0.16121031746031747 0.012566137566137565 0.008928571428571428
3 0.5601851851851852 0.2628968253968254 0.02447089947089947 0.016865079365079364