4 0.542989417989418 0.5416666666666666 0.0291005291005291 0.011904761904761904
4 0.4027777777777778 0.5719246031746031 0.05357142857142857 0.027777777777777776
4 0.2698412698412698 0.589781746031746 0.03902116402116402 0.017361111111111112
4 0.2222222222222222 0.5907738095238095 0.027777777777777776 0.013888888888888888
4 0.24603174603174602 0.5545634920634921 0.031746031746031744 0.013392857142857142
4 0.30158730158730157 0.5143849206349206 0.03571428571428571 0.020833333333333332
4 0.2804232804232804 0.4712301587301587 0.03968253968253968 0.01488095238095238
4 0.328042328042328 0.4439484126984127 0.027116402116402115 0.012896825396825396
4 0.10978835978835978 0.6011904761904762 0.026455026455026454 0.015873015873015872
4 0.9841269841269841 0.5550595238095238 0.031084656084656083 0.013888888888888888
4 0.9788359788359788 0.5203373015873016 0.04034391534391534 0.01984126984126984
4 0.8802910052910053 0.3958333333333333 0.0291005291005291 0.02132936507936508
4 0.5958994708994709 0.21378968253968253 0.04431216931216931 0.021825396825396824
4 0.5357142857142857 0.14732142857142858 0.04497354497354497 0.0441468253968254
4 0.5859788359788359 0.16418650793650794 0.06018518518518518 0.044642857142857144
4 0.42063492063492064 0.20684523809523808 0.02976190476190476 0.023313492063492064
2 0.4279100529100529 0.6830357142857143 0.02447089947089947 0.010416666666666666
2 0.4503968253968254 0.7256944444444444 0.028439153439153438 0.01636904761904762
2 0.3478835978835979 0.722718253968254 0.01984126984126984 0.00744047619047619
2 0.29894179894179895 0.7058531746031746 0.0291005291005291 0.015873015873015872
2 0.373015873015873 0.6155753968253969 0.018518518518518517 0.01636904761904762
2 0.5277777777777778 0.6483134920634921 0.017195767195767195 0.011904761904761904
2 0.5906084656084656 0.7534722222222222 0.021825396825396824 0.013888888888888888
2 0.4365079365079365 0.75 0.015873015873015872 0.009424603174603174
2 0.24603174603174602 0.7395833333333334 0.01984126984126984 0.009424603174603174
2 0.2294973544973545 0.7103174603174603 0.015873015873015872 0.00992063492063492
2 0.21825396825396826 0.7326388888888888 0.01521164021164021 0.00992063492063492
2 0.19642857142857142 0.7103174603174603 0.017195767195767195 0.013392857142857142
2 0.1626984126984127 0.7152777777777778 0.017857142857142856 0.009424603174603174
2 0.14087301587301587 0.7033730158730159 0.015873015873015872 0.006944444444444444
2 0.5958994708994709 0.7192460317460317 0.01455026455026455 0.00992063492063492
2 0.6375661375661376 0.7564484126984127 0.03902116402116402 0.01984126984126984
2 0.7037037037037037 0.7375992063492064 0.021164021164021163 0.016865079365079364
2 0.8743386243386243 0.7083333333333334 0.01521164021164021 0.007936507936507936
2 0.916005291005291 0.6959325396825397 0.01984126984126984 0.010912698412698412
2 0.9543650793650794 0.6656746031746031 0.017857142857142856 0.013392857142857142
2 0.7123015873015873 0.6750992063492064 0.012566137566137565 0.007936507936507936
2 0.6626984126984127 0.6607142857142857 0.01984126984126984 0.011408730158730158
2 0.6216931216931217 0.6398809523809523 0.01521164021164021 0.008432539682539682
2 0.8981481481481481 0.5818452380952381 0.015873015873015872 0.009424603174603174
2 0.8214285714285714 0.5629960317460317 0.017857142857142856 0.008432539682539682
2 0.7724867724867724 0.5317460317460317 0.021825396825396824 0.011408730158730158
2 0.8829365079365079 0.5188492063492064 0.01917989417989418 0.012896825396825396
2 0.06018518518518518 0.7028769841269841 0.011243386243386243 0.00744047619047619
2 0.07738095238095238 0.7296626984126984 0.01917989417989418 0.008928571428571428
4 0.28174603174603174 0.3913690476190476 0.036375661375661374 0.023809523809523808
4 0.5615079365079365 0.4146825396825397 0.05423280423280423 0.03571428571428571
4 0.6421957671957672 0.12103174603174603 0.06878306878306878 0.040674603174603176
4 0.6951058201058201 0.13839285714285715 0.04365079365079365 0.05853174603174603
4 0.9437830687830688 0.13690476190476192 0.057539682539682536 0.03571428571428571
4 0.6111111111111112 0.5694444444444444 0.057539682539682536 0.03968253968253968
4 0.13425925925925927 0.20089285714285715 0.03968253968253968 0.027281746031746032
7 0.7466931216931217 0.09176587301587301 0.056216931216931214 0.041666666666666664
1 0.15476190476190477 0.2802579365079365 0.082010582010582 0.09523809523809523
1 0.04298941798941799 0.26091269841269843 0.05092592592592592 0.09027777777777778
6 0.11441798941798942 0.4117063492063492 0.026455026455026454 0.029265873015873016
5 0.2791005291005291 0.6676587301587301 0.03306878306878307 0.01636904761904762
0 0.4398148148148148 0.49255952380952384 0.03042328042328042 0.033234126984126984
0 0.36772486772486773 0.3611111111111111 0.046296296296296294 0.028769841269841268
0 0.46825396825396826 0.30357142857142855 0.06349206349206349 0.029265873015873016
0 0.5641534391534392 0.3382936507936508 0.032407407407407406 0.02132936507936508
5 0.44841269841269843 0.4419642857142857 0.03306878306878307 0.025297619047619048
5 0.4642857142857143 0.24603174603174602 0.04828042328042328 0.03819444444444445
5 0.4279100529100529 0.14781746031746032 0.04563492063492063 0.03125
5 0.22817460317460317 0.1498015873015873 0.05092592592592592 0.034722222222222224
1 0.25793650793650796 0.5163690476190477 0.037698412698412696 0.03521825396825397
5 0.09523809523809523 0.5267857142857143 0.031084656084656083 0.024305555555555556
0 0.14417989417989419 0.5496031746031746 0.02976190476190476 0.022817460317460316
2 0.1111111111111111 0.654265873015873 0.021164021164021163 0.013888888888888888
2 0.06415343915343916 0.6354166666666666 0.021164021164021163 0.01488095238095238
2 0.19047619047619047 0.6840277777777778 0.025793650793650792 0.026785714285714284
2 0.5562169312169312 0.6701388888888888 0.01984126984126984 0.015376984126984126
2 0.7804232804232805 0.7490079365079365 0.05423280423280423 0.03125
0 0.841931216931217 0.5932539682539683 0.06283068783068783 0.027777777777777776
5 0.7658730158730159 0.5927579365079365 0.031084656084656083 0.022817460317460316
0 0.5674603174603174 0.6006944444444444 0.025793650793650792 0.011904761904761904
4 0.421957671957672 0.6314484126984127 0.031084656084656083 0.017857142857142856
4 0.5595238095238095 0.45337301587301587 0.036375661375661374 0.02628968253968254
4 0.5277777777777778 0.3794642857142857 0.032407407407407406 0.023809523809523808
4 0.31084656084656087 0.3492063492063492 0.041666666666666664 0.0441468253968254
4 0.8802910052910053 0.10317460317460317 0.061507936507936505 0.03422619047619048
4 0.7824074074074074 0.2326388888888889 0.03902116402116402 0.0441468253968254
4 0.8908730158730159 0.2822420634920635 0.0667989417989418 0.034722222222222224
4 0.8472222222222222 0.2251984126984127 0.03505291005291005 0.022321428571428572
4 0.6283068783068783 0.30853174603174605 0.036375661375661374 0.02976190476190476
4 0.7043650793650794 0.3774801587301587 0.037037037037037035 0.027777777777777776
4 0.6441798941798942 0.48214285714285715 0.03306878306878307 0.013392857142857142
0 0.0667989417989418 0.3482142857142857 0.023148148148148147 0.022817460317460316
0 0.04365079365079365 0.49503968253968256 0.037037037037037035 0.030257936507936508
4 0.052248677248677246 0.5808531746031746 0.02513227513227513 0.019345238095238096
5 0.13095238095238096 0.589781746031746 0.04497354497354497 0.01488095238095238
4 0.1283068783068783 0.5252976190476191 0.032407407407407406 0.019345238095238096
0 0.09391534391534391 0.43601190476190477 0.031746031746031744 0.029265873015873016
0 0.0787037037037037 0.44990079365079366 0.021825396825396824 0.0248015873015873
6 0.22156084656084657 0.4489087301587302 0.03042328042328042 0.023809523809523808
4 0.20304232804232805 0.36259920634920634 0.046957671957671955 0.03670634920634921
4 0.15674603174603174 0.36061507936507936 0.05026455026455026 0.04365079365079365
0 0.23875661375661375 0.3020833333333333 0.027116402116402115 0.024305555555555556
5 0.2056878306878307 0.28621031746031744 0.021825396825396824 0.020833333333333332
5 0.20965608465608465 0.22916666666666666 0.02976190476190476 0.026785714285714284
0 0.47685185185185186 0.17956349206349206 0.041666666666666664 0.03125
0 0.707010582010582 0.23809523809523808 0.04034391534391534 0.03670634920634921
0 0.908068783068783 0.23412698412698413 0.03902116402116402 0.016865079365079364
0 0.9623015873015873 0.25148809523809523 0.04563492063492063 0.059027777777777776
0 0.91005291005291 0.3635912698412698 0.03835978835978836 0.023809523809523808
0 0.8637566137566137 0.48908730158730157 0.02447089947089947 0.017857142857142856
0 0.7420634920634921 0.43253968253968256 0.037037037037037035 0.022321428571428572
0 0.6428571428571429 0.404265873015873 0.07275132275132275 0.05257936507936508
0 0.6957671957671958 0.4662698412698413 0.022486772486772486 0.017857142857142856
1 0.7339124365079365 0.49256210515873017 0.726227074074074 0.4804390089285714 0.7185812804232804 0.474915441468254 0.7135065026455027 0.4720919632936508 0.7021109814814814 0.47865035615079365 0.6904504656084656 0.4923633591269841 0.665539335978836 0.5042877103174603 0.6506986772486772 0.512634755952381 0.6469884933862434 0.5311174990079365 0.6544088359788359 0.5484078075396825 0.6732246732804232 0.5418494146825397 0.6878003386243385 0.528732628968254 0.7347074722222222 0.5082624880952381 0.7339124365079365 0.49256210515873017
1 0.7724867724867724 0.3993055555555556 0.05952380952380952 0.04365079365079365
4 0.8452380952380952 0.35615079365079366 0.025793650793650792 0.022817460317460316
4 0.6005291005291006 0.43898809523809523 0.031746031746031744 0.016865079365079364
4 0.671957671957672 0.27232142857142855 0.04034391534391534 0.024305555555555556
5 0.7493386243386243 0.3229166666666667 0.04298941798941799 0.028769841269841268
5 0.39814814814814814 0.2619047619047619 0.04563492063492063 0.028273809523809524
0 0.906084656084656 0.3209325396825397 0.046296296296296294 0.029265873015873016
2 0.1574074074074074 0.5833333333333334 0.021164021164021163 0.012896825396825396
2 0.48743386243386244 0.5208333333333334 0.017857142857142856 0.01240079365079365
0 0.3412698412698413 0.5431547619047619 0.022486772486772486 0.013888888888888888
7 0.13822751322751323 0.4955357142857143 0.027777777777777776 0.01636904761904762
5 0.08134920634920635 0.47619047619047616 0.021825396825396824 0.016865079365079364
7 0.023809523809523808 0.4444444444444444 0.0291005291005291 0.017857142857142856
1 0.09126984126984126 0.40773809523809523 0.022486772486772486 0.025297619047619048
5 0.01984126984126984 0.32043650793650796 0.03306878306878307 0.018353174603174604
7 0.27843915343915343 0.1909722222222222 0.041666666666666664 0.039186507936507936
5 0.2876984126984127 0.30357142857142855 0.031746031746031744 0.03521825396825397
5 0.2003968253968254 0.42212301587301587 0.01917989417989418 0.020833333333333332
1 0.2526886547619048 0.42436044543650797 0.22883758201058202 0.40309535912698413 0.22645247486772488 0.3995180545634921 0.21903215740740742 0.39971678075396827 0.20790165608465608 0.4070701369047619 0.20631158465608465 0.4253541349206349 0.21161179100529098 0.43250874603174605 0.2301626574074074 0.44562553174603176 0.2386430066137566 0.4505940168650794 0.2585189007936508 0.4615246775793651 0.27441961640211643 0.4571524275793651 0.29350047486772485 0.4499977996031746 0.2526886547619048 0.42436044543650797
7 0.041005291005291 0.5565476190476191 0.025793650793650792 0.018353174603174604
0 0.1388888888888889 0.4573412698412698 0.02513227513227513 0.0248015873015873
5 0.025793650793650792 0.41021825396825395 0.027116402116402115 0.03422619047619048
0 0.11970899470899471 0.36706349206349204 0.021164021164021163 0.017857142857142856
4 0.3148148148148148 0.6101190476190477 0.031084656084656083 0.023809523809523808
5 0.49007936507936506 0.5659722222222222 0.037698412698412696 0.027777777777777776
7 0.26587301587301587 0.6339285714285714 0.03373015873015873 0.02132936507936508
1 0.07208994708994709 0.5709325396825397 0.03042328042328042 0.03670634920634921
4 0.05026455026455026 0.4722222222222222 0.021164021164021163 0.015873015873015872
2 0.4894179894179894 0.626984126984127 0.021164021164021163 0.015873015873015872
0 0.291005291005291 0.5411706349206349 0.021825396825396824 0.012896825396825396
2 0.9067460317460317 0.6408730158730159 0.03373015873015873 0.016865079365079364
4 0.958994708994709 0.6388888888888888 0.046296296296296294 0.03571428571428571
5 0.8783068783068783 0.5535714285714286 0.046296296296296294 0.028769841269841268
0 0.9305555555555556 0.5590277777777778 0.026455026455026454 0.01636904761904762
0 0.917989417989418 0.5302579365079365 0.023809523809523808 0.01636904761904762
0 0.9404761904761905 0.43353174603174605 0.027777777777777776 0.019345238095238096
7 0.9338624338624338 0.4007936507936508 0.0496031746031746 0.030257936507936508
4 0.666005291005291 0.6081349206349206 0.05555555555555555 0.03273809523809524
2 0.7341269841269841 0.5158730158730159 0.01521164021164021 0.01240079365079365
0 0.6203703703703703 0.5044642857142857 0.03571428571428571 0.018353174603174604
2 0.7334656084656085 0.4816468253968254 0.01984126984126984 0.018353174603174604
2 0.4080687830687831 0.3601190476190476 0.01984126984126984 0.01636904761904762
2 0.6984126984126984 0.5391865079365079 0.02447089947089947 0.018353174603174604
0 0.44775132275132273 0.4007936507936508 0.03306878306878307 0.027281746031746032