6 0.3373015873015873 0.8606150793650794 0.08267195767195767 0.05257936507936508
2 0.3492063492063492 0.7678571428571429 0.027777777777777776 0.020337301587301588
2 0.5033068783068783 0.8090277777777778 0.03439153439153439 0.026785714285714284
5 0.4973544973544973 0.6939484126984127 0.06944444444444445 0.03273809523809524
4 0.15013227513227514 0.7529761904761905 0.07275132275132275 0.0763888888888889
7 0.1111111111111111 0.7038690476190477 0.062169312169312166 0.042162698412698416
4 0.037037037037037035 0.8159722222222222 0.07407407407407407 0.09375
4 0.18981481481481483 0.5773809523809523 0.07936507936507936 0.06994047619047619
6 0.5740740740740741 0.6334325396825397 0.05952380952380952 0.05009920634920635
1 0.6137566137566137 0.6329365079365079 0.021825396825396824 0.012896825396825396
4 0.4794973544973545 0.503968253968254 0.03968253968253968 0.033234126984126984
4 0.544973544973545 0.5173611111111112 0.025793650793650792 0.028273809523809524
6 0.593915343915344 0.5426587301587301 0.027116402116402115 0.027281746031746032
6 0.6415343915343915 0.5243055555555556 0.036375661375661374 0.03819444444444445
0 0.5211640211640212 0.5768849206349206 0.027777777777777776 0.027281746031746032
4 0.5707671957671958 0.4632936507936508 0.0205026455026455 0.017857142857142856
4 0.38822751322751325 0.42757936507936506 0.07738095238095238 0.04712301587301587
4 0.44907407407407407 0.4290674603174603 0.03571428571428571 0.05109126984126984
4 0.5767195767195767 0.3993055555555556 0.03505291005291005 0.027281746031746032
0 0.5720899470899471 0.4340277777777778 0.016534391534391533 0.020337301587301588
7 0.628968253968254 0.40922619047619047 0.0205026455026455 0.020833333333333332
7 0.6150793650793651 0.4280753968253968 0.021164021164021163 0.01984126984126984
3 0.43253968253968256 0.3298611111111111 0.0496031746031746 0.04563492063492063
7 0.32671957671957674 0.2524801587301587 0.04497354497354497 0.04365079365079365
7 0.16997354497354497 0.28273809523809523 0.03571428571428571 0.036210317460317464
1 0.12367724867724868 0.45436507936507936 0.03902116402116402 0.03670634920634921
4 0.43783068783068785 0.28273809523809523 0.03505291005291005 0.028273809523809524
4 0.533068783068783 0.32490079365079366 0.01984126984126984 0.01488095238095238
4 0.5522486772486772 0.3630952380952381 0.023809523809523808 0.019345238095238096
4 0.5661375661375662 0.32936507936507936 0.0205026455026455 0.017857142857142856
3 0.5912698412698413 0.33283730158730157 0.01917989417989418 0.018353174603174604
4 0.42923280423280424 0.19295634920634921 0.03902116402116402 0.040674603174603176
4 0.6038359788359788 0.4632936507936508 0.017195767195767195 0.016865079365079364
6 0.49603174603174605 0.23313492063492064 0.02976190476190476 0.032242063492063495
4 0.5482804232804233 0.21924603174603174 0.01984126984126984 0.01636904761904762
7 0.5284391534391535 0.2286706349206349 0.016534391534391533 0.02132936507936508
3 0.628968253968254 0.3323412698412698 0.015873015873015872 0.01984126984126984
0 0.6302910052910053 0.35615079365079366 0.01521164021164021 0.01636904761904762
0 0.5879629629629629 0.2628968253968254 0.015873015873015872 0.011904761904761904
4 0.5555555555555556 0.27827380952380953 0.023809523809523808 0.025297619047619048
3 0.5753968253968254 0.2743055555555556 0.022486772486772486 0.024305555555555556
4 0.53505291005291 0.16071428571428573 0.025793650793650792 0.025793650793650792
7 0.46825396825396826 0.020833333333333332 0.0582010582010582 0.041666666666666664
7 0.3835978835978836 0.08085317460317461 0.04828042328042328 0.0496031746031746
2 0.42394179894179895 0.06001984126984127 0.01521164021164021 0.013392857142857142
7 0.5383597883597884 0.03125 0.023809523809523808 0.032242063492063495
7 0.5099206349206349 0.062003968253968256 0.023809523809523808 0.02628968253968254
0 0.5390211640211641 0.08779761904761904 0.021164021164021163 0.020337301587301588
0 0.5033068783068783 0.11061507936507936 0.021164021164021163 0.023809523809523808
4 0.49074074074074076 0.07291666666666667 0.02447089947089947 0.03125
4 0.5621693121693122 0.12549603174603174 0.0205026455026455 0.026785714285714284
4 0.5370370370370371 0.13293650793650794 0.02513227513227513 0.025793650793650792
0 0.5734126984126984 0.1701388888888889 0.016534391534391533 0.013888888888888888
1 0.5707671957671958 0.02628968253968254 0.017857142857142856 0.023313492063492064
5 0.3419312169312169 0.09375 0.03306878306878307 0.0248015873015873
7 0.6455026455026455 0.18601190476190477 0.03042328042328042 0.022817460317460316
2 0.07671957671957672 0.44146825396825395 0.017857142857142856 0.012896825396825396
5 0.011904761904761904 0.4176587301587302 0.023148148148148147 0.0248015873015873
4 0.016534391534391533 0.5014880952380952 0.023148148148148147 0.025793650793650792
4 0.0291005291005291 0.4439484126984127 0.018518518518518517 0.034722222222222224
2 0.11177248677248677 0.27132936507936506 0.018518518518518517 0.01488095238095238
4 0.03902116402116402 0.3705357142857143 0.021825396825396824 0.024305555555555556
4 0.1865079365079365 0.19196428571428573 0.046957671957671955 0.040674603174603176
4 0.0205026455026455 0.3080357142857143 0.025793650793650792 0.03521825396825397
1 0.05952380952380952 0.2251984126984127 0.023809523809523808 0.018849206349206348
4 0.08002645502645503 0.15376984126984128 0.032407407407407406 0.031746031746031744
1 0.17592592592592593 0.13293650793650794 0.02447089947089947 0.0248015873015873
7 0.1421957671957672 0.06944444444444445 0.03571428571428571 0.042162698412698416
4 0.16732804232804233 0.029265873015873016 0.041005291005291 0.03968253968253968
6 0.09126984126984126 0.2554563492063492 0.04497354497354497 0.0441468253968254