2 0.6408730158730159 0.845734126984127 0.031084656084656083 0.025793650793650792
2 0.5171957671957672 0.90625 0.03505291005291005 0.023313492063492064
2 0.6104497354497355 0.8849206349206349 0.04034391534391534 0.025297619047619048
2 0.8915343915343915 0.8824404761904762 0.03835978835978836 0.025297619047619048
5 0.968915343915344 0.8809523809523809 0.06084656084656084 0.04712301587301587
3 0.8141534391534392 0.8541666666666666 0.05357142857142857 0.03869047619047619
2 0.783068783068783 0.7976190476190477 0.02513227513227513 0.01636904761904762
2 0.53505291005291 0.7420634920634921 0.03835978835978836 0.023313492063492064
0 0.6038359788359788 0.7653769841269841 0.04497354497354497 0.032242063492063495
7 0.4146825396825397 0.7435515873015873 0.08267195767195767 0.051587301587301584
2 0.3439153439153439 0.8040674603174603 0.052248677248677246 0.031746031746031744
5 0.19113756613756613 0.7638888888888888 0.05952380952380952 0.05555555555555555
4 0.12235449735449735 0.7921626984126984 0.03902116402116402 0.028769841269841268
2 0.062169312169312166 0.7633928571428571 0.0205026455026455 0.017361111111111112
2 0.05423280423280423 0.7881944444444444 0.01984126984126984 0.017857142857142856
4 0.4080687830687831 0.5788690476190477 0.12764550264550265 0.05555555555555555
5 0.294973544973545 0.5838293650793651 0.0667989417989418 0.04017857142857143
3 0.1917989417989418 0.5808531746031746 0.06613756613756613 0.04513888888888889
4 0.2552910052910053 0.5124007936507936 0.07341269841269842 0.04563492063492063
4 0.4894179894179894 0.4915674603174603 0.06084656084656084 0.03273809523809524
4 0.40476190476190477 0.41865079365079366 0.08994708994708994 0.05803571428571429
0 0.3664021164021164 0.48412698412698413 0.05026455026455026 0.03125
4 0.15608465608465608 0.43898809523809523 0.05886243386243386 0.044642857142857144
4 0.5284391534391535 0.22172619047619047 0.07076719576719577 0.04712301587301587
0 0.38492063492063494 0.23015873015873015 0.06481481481481481 0.041666666666666664
4 0.2056878306878307 0.25992063492063494 0.061507936507936505 0.06001984126984127
7 0.2310008253968254 0.10371495833333334 0.16986344576719575 0.1150654246031746 0.14238539285714286 0.17543868849206348 0.29250940343915344 0.2851167996031746 0.35148672883597887 0.2740483998015873 0.3903581547619048 0.25442703968253966 0.3327212023809524 0.21115953472222224 0.2310008253968254 0.10371495833333334
4 0.42328042328042326 0.049107142857142856 0.11507936507936507 0.08928571428571429
6 0.27645502645502645 0.04563492063492063 0.13161375661375663 0.09126984126984126
4 0.6243386243386243 0.6716269841269841 0.05952380952380952 0.031746031746031744
7 0.6058201058201058 0.5426587301587301 0.12896825396825398 0.11805555555555555
4 0.5892857142857143 0.6061507936507936 0.04298941798941799 0.023809523809523808
4 0.5119047619047619 0.6364087301587301 0.04828042328042328 0.029265873015873016
4 0.39351851851851855 0.628968253968254 0.05423280423280423 0.03521825396825397
4 0.953042328042328 0.49702380952380953 0.07605820105820106 0.03273809523809524
4 0.8247354497354498 0.5436507936507936 0.06415343915343916 0.04513888888888889
5 0.9854497354497355 0.6830357142857143 0.0291005291005291 0.026785714285714284
4 0.8743386243386243 0.7862103174603174 0.04298941798941799 0.040674603174603176
4 0.8617724867724867 0.7361111111111112 0.037698412698412696 0.023809523809523808
0 0.7592592592592593 0.6711309523809523 0.03439153439153439 0.02976190476190476
2 0.8167989417989417 0.7013888888888888 0.03042328042328042 0.022321428571428572
1 0.8597883597883598 0.2251984126984127 0.08664021164021164 0.060515873015873016
3 0.2777777777777778 0.6691468253968254 0.0873015873015873 0.042162698412698416
0 0.8597883597883598 0.44841269841269843 0.06812169312169312 0.042162698412698416
0 0.7804232804232805 0.37003968253968256 0.05092592592592592 0.04662698412698413
0 0.5972222222222222 0.3368055555555556 0.07407407407407407 0.05109126984126984
7 0.3611111111111111 0.31101190476190477 0.09126984126984126 0.05109126984126984
4 0.06018518518518518 0.4652777777777778 0.046296296296296294 0.033234126984126984
4 0.03835978835978836 0.5590277777777778 0.03373015873015873 0.033234126984126984
4 0.06944444444444445 0.6374007936507936 0.06481481481481481 0.051587301587301584
7 0.09060846560846561 0.5615079365079365 0.04894179894179894 0.05803571428571429
2 0.021825396825396824 0.6795634920634921 0.017857142857142856 0.017857142857142856
2 0.2208994708994709 0.8526785714285714 0.03505291005291005 0.023809523809523808
0 0.826058201058201 0.6170634920634921 0.056878306878306875 0.030753968253968252
0 0.9292328042328042 0.6135912698412699 0.052248677248677246 0.028273809523809524
7 0.9398148148148148 0.5565476190476191 0.0958994708994709 0.061507936507936505
1 0.8981481481481481 0.10515873015873016 0.12301587301587301 0.09523809523809523