7 0.47354497354497355 0.9017857142857143 0.06547619047619048 0.05853174603174603
0 0.11507936507936507 0.7668650793650794 0.057539682539682536 0.04712301587301587
7 0.38955026455026454 0.691468253968254 0.06613756613756613 0.03869047619047619
2 0.40145502645502645 0.7857142857142857 0.022486772486772486 0.020833333333333332
6 0.29034391534391535 0.6245039682539683 0.10383597883597884 0.0763888888888889
6 0.4887566137566138 0.5853174603174603 0.05357142857142857 0.046130952380952384
1 0.15806878306878308 0.5863095238095238 0.07076719576719577 0.03125
4 0.455026455026455 0.48214285714285715 0.03835978835978836 0.029265873015873016
4 0.3048941798941799 0.47619047619047616 0.041666666666666664 0.022817460317460316
5 0.24272486772486773 0.3794642857142857 0.0496031746031746 0.043154761904761904
5 0.35185185185185186 0.3149801587301587 0.061507936507936505 0.037698412698412696
6 0.17989417989417988 0.439484126984127 0.11243386243386243 0.04513888888888889
4 0.41335978835978837 0.279265873015873 0.06746031746031746 0.03422619047619048
4 0.30423280423280424 0.21180555555555555 0.051587301587301584 0.03968253968253968
5 0.455026455026455 0.22172619047619047 0.047619047619047616 0.03670634920634921
7 0.5138888888888888 0.19692460317460317 0.032407407407407406 0.030753968253968252
4 0.5152116402116402 0.14037698412698413 0.03968253968253968 0.042162698412698416
4 0.6574074074074074 0.2976190476190476 0.05952380952380952 0.03869047619047619
4 0.7037037037037037 0.4126984126984127 0.06349206349206349 0.0441468253968254
4 0.8551587301587301 0.5466269841269841 0.06415343915343916 0.034722222222222224
2 0.7493386243386243 0.6294642857142857 0.018518518518518517 0.017857142857142856
2 0.7473544973544973 0.7088293650793651 0.03835978835978836 0.0248015873015873
2 0.7037037037037037 0.7425595238095238 0.031084656084656083 0.01636904761904762
2 0.9722222222222222 0.8764880952380952 0.028439153439153438 0.024305555555555556
4 0.8187830687830688 0.8497023809523809 0.06084656084656084 0.03720238095238095
4 0.7473544973544973 0.32688492063492064 0.056216931216931214 0.031746031746031744
6 0.9378306878306878 0.4365079365079365 0.051587301587301584 0.041666666666666664
6 0.9067460317460317 0.18303571428571427 0.062169312169312166 0.050595238095238096
5 0.9093915343915344 0.24305555555555555 0.03902116402116402 0.03422619047619048
5 0.7242063492063492 0.08432539682539683 0.03968253968253968 0.034722222222222224
4 0.6435185185185185 0.08134920634920635 0.09193121693121693 0.06498015873015874
4 0.18121693121693122 0.09523809523809523 0.05952380952380952 0.04265873015873016
7 0.25132275132275134 0.07837301587301587 0.05357142857142857 0.03373015873015873
2 0.4470899470899471 0.14434523809523808 0.02976190476190476 0.022321428571428572
4 0.5773809523809523 0.18154761904761904 0.03306878306878307 0.03968253968253968
7 0.4384920634920635 0.04265873015873016 0.06481481481481481 0.03521825396825397
0 0.24272486772486773 0.01488095238095238 0.05952380952380952 0.02976190476190476