2 0.5006613756613757 0.6969246031746031 0.027116402116402115 0.019345238095238096
2 0.6587301587301587 0.7668650793650794 0.02513227513227513 0.020337301587301588
2 0.7367724867724867 0.6800595238095238 0.05026455026455026 0.03670634920634921
2 0.5191798941798942 0.6438492063492064 0.05357142857142857 0.03273809523809524
2 0.3531746031746032 0.564484126984127 0.031084656084656083 0.022321428571428572
2 0.4880952380952381 0.5496031746031746 0.028439153439153438 0.018353174603174604
1 0.7156084656084656 0.5500992063492064 0.04894179894179894 0.03125
4 0.667989417989418 0.5143849206349206 0.032407407407407406 0.02132936507936508
4 0.3439153439153439 0.4593253968253968 0.037698412698412696 0.02132936507936508
4 0.48478835978835977 0.35466269841269843 0.041666666666666664 0.026785714285714284
4 0.24338624338624337 0.3080357142857143 0.025793650793650792 0.018353174603174604
4 0.21891534391534392 0.2996031746031746 0.02447089947089947 0.017857142857142856
4 0.19510582010582012 0.22271825396825398 0.02513227513227513 0.02132936507936508
5 0.20171957671957672 0.5411706349206349 0.027777777777777776 0.0248015873015873
1 0.14682539682539683 0.5540674603174603 0.027116402116402115 0.03125
1 0.11838624338624339 0.4826388888888889 0.03571428571428571 0.021825396825396824
5 0.17592592592592593 0.3958333333333333 0.031084656084656083 0.017361111111111112
5 0.17195767195767195 0.5868055555555556 0.023809523809523808 0.013392857142857142
4 0.2751322751322751 0.5243055555555556 0.02513227513227513 0.027777777777777776
4 0.26322751322751325 0.4409722222222222 0.023809523809523808 0.026785714285714284
4 0.26256613756613756 0.36706349206349204 0.01917989417989418 0.022321428571428572
4 0.2294973544973545 0.1001984126984127 0.037698412698412696 0.0679563492063492
1 0.49206349206349204 0.08382936507936507 0.05489417989417989 0.12003968253968254
6 0.5582010582010583 0.05257936507936508 0.04298941798941799 0.030257936507936508
5 0.5806878306878307 0.3159722222222222 0.02976190476190476 0.026785714285714284
5 0.4669312169312169 0.46726190476190477 0.062169312169312166 0.017361111111111112
5 0.19444444444444445 0.35912698412698413 0.02447089947089947 0.013392857142857142
5 0.1302910052910053 0.45634920634920634 0.021164021164021163 0.010912698412698412
5 0.1917989417989418 0.49007936507936506 0.023148148148148147 0.012896825396825396
5 0.1474867724867725 0.49503968253968256 0.01917989417989418 0.011904761904761904
5 0.11706349206349206 0.5362103174603174 0.018518518518518517 0.011904761904761904
0 0.10978835978835978 0.5982142857142857 0.017857142857142856 0.011904761904761904
2 0.17261904761904762 0.628968253968254 0.016534391534391533 0.010912698412698412
2 0.11772486772486772 0.6815476190476191 0.01521164021164021 0.011904761904761904
2 0.1970899470899471 0.6904761904761905 0.027777777777777776 0.01636904761904762
2 0.2671957671957672 0.7123015873015873 0.01984126984126984 0.022817460317460316
2 0.2896825396825397 0.7470238095238095 0.01455026455026455 0.013392857142857142
2 0.2605820105820106 0.6393849206349206 0.01455026455026455 0.009424603174603174
2 0.2665343915343915 0.621031746031746 0.011904761904761904 0.013392857142857142
2 0.2671957671957672 0.5763888888888888 0.012566137566137565 0.01240079365079365
5 0.1574074074074074 0.42063492063492064 0.023809523809523808 0.013392857142857142
4 0.14285714285714285 0.3794642857142857 0.0205026455026455 0.015376984126984126
4 0.21957671957671956 0.3333333333333333 0.021164021164021163 0.01636904761904762
4 0.291005291005291 0.30456349206349204 0.026455026455026454 0.02132936507936508
4 0.2718253968253968 0.37996031746031744 0.017857142857142856 0.018849206349206348
6 0.294973544973545 0.25892857142857145 0.02513227513227513 0.03373015873015873
0 0.4503968253968254 0.22123015873015872 0.042328042328042326 0.03968253968253968
4 0.6011904761904762 0.12103174603174603 0.04034391534391534 0.028273809523809524
2 0.38756613756613756 0.09375 0.021825396825396824 0.01636904761904762
4 0.12764550264550265 0.23561507936507936 0.046296296296296294 0.02628968253968254
4 0.12433862433862433 0.30357142857142855 0.0205026455026455 0.017361111111111112
4 0.11177248677248677 0.34871031746031744 0.01455026455026455 0.014384920634920634
0 0.12896825396825398 0.3308531746031746 0.0205026455026455 0.014384920634920634
0 0.17063492063492064 0.24801587301587302 0.01984126984126984 0.01488095238095238
5 0.1593915343915344 0.1259920634920635 0.025793650793650792 0.027281746031746032
4 0.15145502645502645 0.18253968253968253 0.031084656084656083 0.020833333333333332
5 0.27116402116402116 0.21676587301587302 0.017857142857142856 0.03125
0 0.18716931216931218 0.2673611111111111 0.027777777777777776 0.020337301587301588
0 0.11706349206349206 0.14434523809523808 0.01984126984126984 0.013888888888888888
5 0.5198412698412699 0.2926587301587302 0.03439153439153439 0.03373015873015873
4 0.5859788359788359 0.4623015873015873 0.05092592592592592 0.034722222222222224
5 0.6137566137566137 0.35714285714285715 0.03306878306878307 0.025297619047619048
4 0.6190476190476191 0.566468253968254 0.04034391534391534 0.03571428571428571
4 0.5522486772486772 0.20188492063492064 0.032407407407407406 0.030257936507936508
5 0.21957671957671956 0.03720238095238095 0.037698412698412696 0.028769841269841268
7 0.28505291005291006 0.1359126984126984 0.013888888888888888 0.018353174603174604
4 0.29563492063492064 0.025297619047619048 0.016534391534391533 0.030257936507936508
4 0.10449735449735449 0.09771825396825397 0.021825396825396824 0.023809523809523808
7 0.04365079365079365 0.05654761904761905 0.0291005291005291 0.029265873015873016
4 0.04034391534391534 0.03125 0.021164021164021163 0.020337301587301588
2 0.11970899470899471 0.20932539682539683 0.015873015873015872 0.01240079365079365
4 0.07605820105820106 0.06498015873015874 0.03439153439153439 0.03373015873015873
5 0.45634920634920634 0.013392857142857142 0.032407407407407406 0.025297619047619048
1 0.9285714285714286 0.40625 0.02976190476190476 0.01240079365079365
1 0.9801587301587301 0.3854166666666667 0.03968253968253968 0.013888888888888888
4 0.9041005291005291 0.3978174603174603 0.01917989417989418 0.008432539682539682
0 0.9497354497354498 0.3814484126984127 0.036375661375661374 0.010416666666666666
0 0.9801587301587301 0.41517857142857145 0.021164021164021163 0.00744047619047619
4 0.9398148148148148 0.42757936507936506 0.015873015873015872 0.00744047619047619
4 0.9914021164021164 0.44543650793650796 0.017195767195767195 0.006448412698412698
4 0.9596560846560847 0.3993055555555556 0.021825396825396824 0.010416666666666666
4 0.8915343915343915 0.49107142857142855 0.013888888888888888 0.007936507936507936
4 0.8961640211640212 0.5193452380952381 0.010582010582010581 0.006944444444444444
4 0.966931216931217 0.533234126984127 0.015873015873015872 0.017857142857142856
2 0.9325396825396826 0.5902777777777778 0.008597883597883597 0.008928571428571428
2 0.8776455026455027 0.5773809523809523 0.006613756613756613 0.004464285714285714
2 0.9543650793650794 0.5813492063492064 0.009259259259259259 0.00496031746031746
2 0.9259259259259259 0.6001984126984127 0.007936507936507936 0.004464285714285714
2 0.8624338624338624 0.5510912698412699 0.006613756613756613 0.00496031746031746
5 0.8644179894179894 0.5233134920634921 0.011243386243386243 0.011904761904761904
0 0.8624338624338624 0.5401785714285714 0.007275132275132275 0.00744047619047619
0 0.9193121693121693 0.5262896825396826 0.010582010582010581 0.005952380952380952
5 0.9708994708994709 0.49404761904761907 0.011904761904761904 0.010912698412698412
7 0.9411375661375662 0.5223214285714286 0.022486772486772486 0.01240079365079365
4 0.9947089947089947 0.5233134920634921 0.010582010582010581 0.016865079365079364
0 0.9609788359788359 0.43154761904761907 0.010582010582010581 0.004464285714285714
0 0.951058201058201 0.4260912698412698 0.004629629629629629 0.005456349206349206
0 0.9603174603174603 0.4260912698412698 0.010582010582010581 0.004464285714285714