6 0.6216931216931217 0.32341269841269843 0.08664021164021164 0.057539682539682536
6 0.6825396825396826 0.6245039682539683 0.07539682539682539 0.04712301587301587
6 0.7242063492063492 0.7881944444444444 0.062169312169312166 0.05109126984126984
6 0.43253968253968256 0.7767857142857143 0.06349206349206349 0.049107142857142856
4 0.40476190476190477 0.11706349206349206 0.09854497354497355 0.06646825396825397
4 0.14947089947089948 0.057539682539682536 0.10185185185185185 0.05704365079365079
4 0.08862433862433862 0.3492063492063492 0.08531746031746032 0.06398809523809523
4 0.1984126984126984 0.30654761904761907 0.11970899470899471 0.06299603174603174
4 0.08333333333333333 0.5942460317460317 0.07936507936507936 0.049107142857142856
4 0.6031746031746031 0.8447420634920635 0.07605820105820106 0.044642857142857144
4 0.39087301587301587 0.8864087301587301 0.08333333333333333 0.050595238095238096
4 0.4087301587301587 0.9776785714285714 0.07936507936507936 0.03373015873015873
4 0.6587301587301587 0.05654761904761905 0.10449735449735449 0.06101190476190476
4 0.9682539682539683 0.38740079365079366 0.06349206349206349 0.050595238095238096
0 0.5628306878306878 0.5843253968253969 0.07341269841269842 0.03968253968253968
0 0.7837301587301587 0.6736111111111112 0.047619047619047616 0.05406746031746032
5 0.5066137566137566 0.49503968253968256 0.08267195767195767 0.04365079365079365
4 0.5641534391534392 0.6805555555555556 0.08664021164021164 0.0625
0 0.39616402116402116 0.39831349206349204 0.052248677248677246 0.042162698412698416
5 0.2552910052910053 0.5074404761904762 0.0958994708994709 0.03720238095238095
0 0.1779100529100529 0.5625 0.052248677248677246 0.03968253968253968
5 0.6421957671957672 0.7628968253968254 0.04497354497354497 0.04265873015873016
5 0.8478835978835979 0.7604166666666666 0.08531746031746032 0.04811507936507937
0 0.8498677248677249 0.8467261904761905 0.03835978835978836 0.04117063492063492
4 0.31084656084656087 0.6681547619047619 0.03968253968253968 0.03273809523809524
4 0.26322751322751325 0.90625 0.05423280423280423 0.03571428571428571
5 0.6335978835978836 0.9474206349206349 0.06349206349206349 0.026785714285714284
7 0.5257936507936508 0.9186507936507936 0.1335978835978836 0.07142857142857142
0 0.47685185185185186 0.8521825396825397 0.08002645502645503 0.042162698412698416
4 0.7652116402116402 0.9007936507936508 0.05555555555555555 0.03720238095238095
2 0.9120370370370371 0.9186507936507936 0.03902116402116402 0.023313492063492064
2 0.18121693121693122 0.8804563492063492 0.031746031746031744 0.024305555555555556
4 0.07076719576719577 0.9012896825396826 0.10582010582010581 0.05505952380952381
5 0.23148148148148148 0.4007936507936508 0.10383597883597884 0.05555555555555555
1 0.5119047619047619 0.3685515873015873 0.0667989417989418 0.06696428571428571
4 0.8379629629629629 0.37351190476190477 0.06547619047619048 0.061507936507936505
4 0.8234126984126984 0.5753968253968254 0.06084656084656084 0.03521825396825397
7 0.7374338624338624 0.21726190476190477 0.082010582010582 0.059027777777777776
6 0.43716931216931215 0.20188492063492064 0.07275132275132275 0.057539682539682536
0 0.23677248677248677 0.20734126984126985 0.08002645502645503 0.03125
4 0.10912698412698413 0.17261904761904762 0.06613756613756613 0.05109126984126984
0 0.7890211640211641 0.12202380952380952 0.10185185185185185 0.06398809523809523
4 0.9166666666666666 0.08531746031746032 0.07341269841269842 0.04861111111111111
2 0.9808201058201058 0.7569444444444444 0.03439153439153439 0.027281746031746032
2 0.1474867724867725 0.7996031746031746 0.04894179894179894 0.03125
3 0.07142857142857142 0.7242063492063492 0.08796296296296297 0.06498015873015874
0 0.3406084656084656 0.2718253968253968 0.08928571428571429 0.041666666666666664
5 0.10582010582010581 0.470734126984127 0.05952380952380952 0.040674603174603176