4 0.7261904761904762 0.3888888888888889 0.11177248677248677 0.09970238095238096
5 0.8141534391534392 0.8764880952380952 0.22023809523809523 0.12251984126984126
1 0.7757936507936508 0.5848214285714286 0.0701058201058201 0.06349206349206349
7 0.23082010582010581 0.8501984126984127 0.14682539682539683 0.1195436507936508
4 0.3419312169312169 0.5143849206349206 0.07936507936507936 0.06646825396825397
4 0.4894179894179894 0.4712301587301587 0.0701058201058201 0.041666666666666664
7 0.2222222222222222 0.621031746031746 0.1455026455026455 0.14136904761904762
5 0.40476190476190477 0.34226190476190477 0.10449735449735449 0.04365079365079365
4 0.5072751322751323 0.3159722222222222 0.08597883597883597 0.049107142857142856
7 0.6607142857142857 0.6354166666666666 0.15079365079365079 0.12698412698412698
4 0.06746031746031746 0.39037698412698413 0.07671957671957672 0.05654761904761905
2 0.6474867724867724 0.3060515873015873 0.037698412698412696 0.020833333333333332
7 0.4107142857142857 0.20734126984126985 0.14682539682539683 0.07043650793650794
1 0.37896825396825395 0.9221230158730159 0.1455026455026455 0.15575396825396826
1 0.4675925925925926 0.8819444444444444 0.05952380952380952 0.04712301587301587
0 0.3419312169312169 0.6964285714285714 0.062169312169312166 0.06101190476190476
0 0.4537037037037037 0.6870039682539683 0.082010582010582 0.061507936507936505
4 0.164021164021164 0.37648809523809523 0.07208994708994709 0.047619047619047616
1 0.6990740740740741 0.7891865079365079 0.07208994708994709 0.06101190476190476
7 0.15873015873015872 0.22767857142857142 0.12301587301587301 0.09027777777777778
0 0.7453703703703703 0.972718253968254 0.04431216931216931 0.03422619047619048
4 0.8604497354497355 0.498015873015873 0.08068783068783068 0.07589285714285714
4 0.9715608465608465 0.566468253968254 0.056878306878306875 0.047619047619047616
2 0.544973544973545 0.5133928571428571 0.02976190476190476 0.028273809523809524
2 0.20436507936507936 0.9613095238095238 0.09656084656084656 0.07738095238095238
7 0.6825396825396826 0.4905753968253968 0.15608465608465608 0.07043650793650794
4 0.5846560846560847 0.3462301587301587 0.09656084656084656 0.03819444444444445
4 0.3478835978835979 0.41716269841269843 0.0701058201058201 0.034722222222222224
6 0.955026455026455 0.37549603174603174 0.06481481481481481 0.0689484126984127
4 0.9398148148148148 0.20436507936507936 0.08531746031746032 0.06448412698412699
4 0.4312169312169312 0.1433531746031746 0.09788359788359788 0.053075396825396824
1 0.30423280423280424 0.15873015873015872 0.1574074074074074 0.07242063492063493
7 0.10648148148148148 0.5803571428571429 0.09656084656084656 0.09821428571428571
7 0.1302910052910053 0.42956349206349204 0.1111111111111111 0.06696428571428571
7 0.2876984126984127 0.24206349206349206 0.09259259259259259 0.07837301587301587
4 0.8783068783068783 0.722718253968254 0.10052910052910052 0.06746031746031746
2 0.9861111111111112 0.9370039682539683 0.027777777777777776 0.041666666666666664
2 0.4451058201058201 0.5491071428571429 0.06349206349206349 0.05803571428571429
7 0.7162698412698413 0.22123015873015872 0.10383597883597884 0.05803571428571429
7 0.8227513227513228 0.251984126984127 0.11970899470899471 0.0798611111111111
7 0.6124338624338624 0.23561507936507936 0.1130952380952381 0.06547619047619048
6 0.7757936507936508 0.3239087301587302 0.09126984126984126 0.07341269841269842
4 0.8716931216931217 0.37103174603174605 0.09060846560846561 0.07589285714285714
4 0.9047619047619048 0.29563492063492064 0.05092592592592592 0.043154761904761904
4 0.3968253968253968 0.47966269841269843 0.07671957671957672 0.0818452380952381
0 0.47023809523809523 0.44146825396825395 0.051587301587301584 0.016865079365079364
0 0.8201058201058201 0.9642857142857143 0.08267195767195767 0.05257936507936508