4 0.1693121693121693 0.6041666666666666 0.1931216931216931 0.12202380952380952
0 0.24933862433862433 0.5153769841269841 0.09854497354497355 0.053075396825396824
0 0.25727513227513227 0.4260912698412698 0.06481481481481481 0.039186507936507936
2 0.23346560846560846 0.3090277777777778 0.03902116402116402 0.031746031746031744
7 0.38095238095238093 0.29117063492063494 0.12632275132275134 0.08035714285714286
0 0.12698412698412698 0.24057539682539683 0.08267195767195767 0.059027777777777776
4 0.5396825396825397 0.3020833333333333 0.10515873015873016 0.06448412698412699
2 0.453042328042328 0.23115079365079366 0.0701058201058201 0.03571428571428571
6 0.8974867724867724 0.4538690476190476 0.0701058201058201 0.05257936507936508
4 0.8227513227513228 0.6438492063492064 0.09391534391534391 0.07043650793650794
4 0.6917989417989417 0.5654761904761905 0.09060846560846561 0.07837301587301587
4 0.7136243386243386 0.43452380952380953 0.051587301587301584 0.02976190476190476
2 0.7400793650793651 0.5009920634920635 0.05291005291005291 0.041666666666666664
4 0.5482804232804233 0.5213293650793651 0.08134920634920635 0.06448412698412699
3 0.6283068783068783 0.4429563492063492 0.10185185185185185 0.08085317460317461
2 0.3955026455026455 0.4861111111111111 0.09656084656084656 0.07589285714285714
4 0.4603174603174603 0.6121031746031746 0.12632275132275134 0.0763888888888889
1 0.5178571428571429 0.7435515873015873 0.08597883597883597 0.054563492063492064
2 0.5667989417989417 0.8794642857142857 0.1078042328042328 0.08134920634920635
4 0.8961640211640212 0.8720238095238095 0.11177248677248677 0.0744047619047619
7 0.06878306878306878 0.9479166666666666 0.13756613756613756 0.10218253968253968
3 0.13955026455026456 0.8382936507936508 0.14814814814814814 0.10367063492063493
5 0.6051587301587301 0.37003968253968256 0.06812169312169312 0.032242063492063495
5 0.07341269841269842 0.48115079365079366 0.125 0.09871031746031746
2 0.9523809523809523 0.39186507936507936 0.051587301587301584 0.04017857142857143
6 0.7876984126984127 0.38392857142857145 0.09523809523809523 0.051587301587301584
6 0.8544973544973545 0.09424603174603174 0.056878306878306875 0.027281746031746032
2 0.8657407407407407 0.1423611111111111 0.0958994708994709 0.07291666666666667
5 0.9642857142857143 0.10515873015873016 0.07142857142857142 0.03670634920634921
4 0.9173280423280423 0.05406746031746032 0.05291005291005291 0.030257936507936508
6 0.4060846560846561 0.10466269841269842 0.08664021164021164 0.07589285714285714
4 0.48214285714285715 0.1661706349206349 0.13822751322751323 0.07490079365079365
6 0.5533380224867726 0.1136085625 0.5576742129629629 0.13118636706349207 0.582824126984127 0.14095178273809525 0.6036378505291006 0.15787844543650792 0.645265298941799 0.14355585416666666 0.645265298941799 0.12337397916666668 0.6235843505291006 0.11686370138888888 0.6105757804232804 0.09863492956349205 0.5966999206349206 0.0934267123015873 0.5932310211640212 0.09472877281746032 0.5949442433862434 0.09310501587301588 0.5533380224867726 0.1136085625
5 0.5638046031746032 0.10250123313492063 0.596627775132275 0.09648788591269841 0.6585619854497354 0.11262126289682539 0.6745828478835979 0.1089545863095238 0.6765366084656085 0.0957545505952381 0.6683307896825397 0.08827452678571428 0.5974092817460317 0.08563452083333334 0.5628277222222222 0.07991450793650794 0.5509097698412698 0.08196784424603175 0.5468068756613756 0.09076786805555556 0.5481745171957673 0.09428787996031746 0.5638046031746032 0.10250123313492063
4 0.6997354497354498 0.08531746031746032 0.03571428571428571 0.027281746031746032
4 0.6316137566137566 0.04265873015873016 0.05952380952380952 0.046130952380952384
4 0.8869047619047619 0.30952380952380953 0.057539682539682536 0.03571428571428571
7 0.8048941798941799 0.027777777777777776 0.07539682539682539 0.05505952380952381
4 0.9318783068783069 0.1974206349206349 0.06283068783068783 0.03968253968253968
0 0.6752645502645502 0.15128968253968253 0.05886243386243386 0.03422619047619048
3 0.7301587301587301 0.1378968253968254 0.07804232804232804 0.0625
3 0.7003968253968254 0.26587301587301587 0.07671957671957672 0.07589285714285714
4 0.7261904761904762 0.18948412698412698 0.05291005291005291 0.042162698412698416
7 0.3048941798941799 0.04017857142857143 0.10383597883597884 0.07936507936507936
3 0.6858465608465608 0.7028769841269841 0.13756613756613756 0.09970238095238096
4 0.9834656084656085 0.5203373015873016 0.032407407407407406 0.05803571428571429
3 0.9735449735449735 0.3179563492063492 0.05291005291005291 0.052083333333333336