6 0.10648148148148148 0.42658730158730157 0.10912698412698413 0.07837301587301587
4 0.8505291005291006 0.3521825396825397 0.062169312169312166 0.07043650793650794
4 0.498015873015873 0.43700396825396826 0.08597883597883597 0.05109126984126984
4 0.48677248677248675 0.09871031746031746 0.12235449735449735 0.10912698412698413
4 0.7731481481481481 0.22172619047619047 0.06018518518518518 0.05505952380952381
4 0.10052910052910052 0.09970238095238096 0.1078042328042328 0.09077380952380952
5 0.26785714285714285 0.05555555555555555 0.09854497354497355 0.05803571428571429
4 0.3101851851851852 0.2802579365079365 0.083994708994709 0.05555555555555555
4 0.4947089947089947 0.1974206349206349 0.07275132275132275 0.050595238095238096
4 0.6316137566137566 0.12698412698412698 0.07208994708994709 0.046130952380952384
5 0.5132275132275133 0.28273809523809523 0.06283068783068783 0.06349206349206349
4 0.6388888888888888 0.30853174603174605 0.07671957671957672 0.04712301587301587
4 0.2222222222222222 0.814484126984127 0.13558201058201058 0.09077380952380952
4 0.5138888888888888 0.8725198412698413 0.09391534391534391 0.07787698412698413
5 0.7427248677248677 0.9231150793650794 0.13955026455026456 0.10367063492063493
4 0.9636243386243386 0.7023809523809523 0.06084656084656084 0.04117063492063492
7 0.7513227513227513 0.6036706349206349 0.09523809523809523 0.07192460317460317
5 0.1402116402116402 0.5500992063492064 0.10449735449735449 0.053075396825396824
4 0.04894179894179894 0.27728174603174605 0.09788359788359788 0.09424603174603174
7 0.2261904761904762 0.7018849206349206 0.0873015873015873 0.06547619047619048
1 0.37103174603174605 0.7673611111111112 0.11574074074074074 0.1349206349206349
1 0.7552910052910053 0.10615079365079365 0.1574074074074074 0.10218253968253968
1 0.9556878306878307 0.21428571428571427 0.08796296296296297 0.10962301587301587
1 0.957010582010582 0.31299603174603174 0.08068783068783068 0.08482142857142858
0 0.7546296296296297 0.6760912698412699 0.08994708994708994 0.06349206349206349
7 0.421957671957672 0.33978174603174605 0.08597883597883597 0.07192460317460317
0 0.6435185185185185 0.7023809523809523 0.05886243386243386 0.039186507936507936
4 0.9212962962962963 0.7936507936507936 0.046957671957671955 0.05357142857142857
2 0.828042328042328 0.5322420634920635 0.041005291005291 0.03373015873015873
5 0.6461640211640212 0.05704365079365079 0.07142857142857142 0.04563492063492063
6 0.53505291005291 0.054563492063492064 0.056216931216931214 0.050595238095238096
4 0.41798941798941797 0.49007936507936506 0.10449735449735449 0.08581349206349206
0 0.6732804232804233 0.4027777777777778 0.062169312169312166 0.06299603174603174
0 0.75 0.38839285714285715 0.1130952380952381 0.07341269841269842
0 0.6011904761904762 0.6016865079365079 0.08664021164021164 0.07043650793650794
7 0.7506613756613757 0.7881944444444444 0.06018518518518518 0.03869047619047619
0 0.8736772486772487 0.4558531746031746 0.04894179894179894 0.04365079365079365
0 0.7843915343915344 0.3333333333333333 0.07407407407407407 0.042162698412698416
0 0.9431216931216931 0.6190476190476191 0.03835978835978836 0.03720238095238095
0 0.9821428571428571 0.8501984126984127 0.027777777777777776 0.04365079365079365
5 0.9404761904761905 0.9191468253968254 0.041005291005291 0.059027777777777776
4 0.9517195767195767 0.13095238095238096 0.04298941798941799 0.030753968253968252
5 0.6441798941798942 0.46478174603174605 0.06018518518518518 0.044642857142857144
5 0.2791005291005291 0.3948412698412698 0.07473544973544974 0.04117063492063492