4 0.16865079365079366 0.7162698412698413 0.19907407407407407 0.1359126984126984
6 0.8505291005291006 0.5500992063492064 0.07407407407407407 0.06001984126984127
2 0.2698412698412698 0.35714285714285715 0.05357142857142857 0.04017857142857143
4 0.5582010582010583 0.3665674603174603 0.10251322751322751 0.08878968253968254
1 0.4808201058201058 0.8516865079365079 0.09457671957671958 0.05406746031746032
0 0.2804232804232804 0.5 0.07605820105820106 0.047619047619047616
4 0.44246031746031744 0.7132936507936508 0.11574074074074074 0.1001984126984127
1 0.9484126984126984 0.8313492063492064 0.0873015873015873 0.060515873015873016
4 0.7797619047619048 0.9697420634920635 0.11177248677248677 0.06001984126984127
5 0.08333333333333333 0.5620039682539683 0.16666666666666666 0.11408730158730158
3 0.6203703703703703 0.5416666666666666 0.10978835978835978 0.08085317460317461
4 0.6567460317460317 0.6651785714285714 0.09523809523809523 0.07390873015873016
2 0.708994708994709 0.5982142857142857 0.052248677248677246 0.04712301587301587
0 0.17526455026455026 0.27728174603174605 0.07804232804232804 0.06498015873015874
6 0.4662698412698413 0.12400793650793651 0.05886243386243386 0.08680555555555555
5 0.6298652156084656 0.10315326289682539 0.6181990833333333 0.09907557341269842 0.6010888280423281 0.10257071825396825 0.6049775105820105 0.11480388293650794 0.6298652156084656 0.12645453472222223 0.6500866005291005 0.12645453472222223 0.6679746587301587 0.1293671974206349 0.6866406031746031 0.1392702132936508 0.7060842671957672 0.1462605972222222 0.7200835595238094 0.14334793452380953 0.7263054854497355 0.13227986011904763 0.7068619047619048 0.12062920833333332 0.6913070052910053 0.11363885615079365 0.6679746587301587 0.11130870634920634 0.6547530026455026 0.11189122023809524 0.6298652156084656 0.10315326289682539
6 0.6495800251322751 0.19332648313492065 0.6848058465608465 0.18370011507936507 0.6892828928571428 0.16708748313492064 0.6710662843915344 0.15064436904761905 0.6715334126984127 0.14049862103174604 0.6645270357142857 0.128253751984127 0.649112947089947 0.12650448214285714 0.6201532328042328 0.13490096031746032 0.606607507936508 0.14329745734126983 0.614080962962963 0.16323909126984126 0.6313634166666666 0.17478426587301585 0.6355672222222222 0.18213117857142855 0.6495800251322751 0.19332648313492065
0 0.7109788359788359 0.19444444444444445 0.056216931216931214 0.03521825396825397
4 0.7579365079365079 0.24454365079365079 0.05952380952380952 0.04811507936507937
0 0.4880952380952381 0.2718253968253968 0.06613756613756613 0.05009920634920635
0 0.6964285714285714 0.5233134920634921 0.04298941798941799 0.029265873015873016
2 0.5052910052910053 0.972718253968254 0.09854497354497355 0.054563492063492064
0 0.6084656084656085 0.4439484126984127 0.06481481481481481 0.034722222222222224
6 0.8935185185185185 0.15128968253968253 0.05423280423280423 0.03720238095238095
2 0.8948412698412699 0.2113095238095238 0.10251322751322751 0.0873015873015873
7 0.8650793650793651 0.05555555555555555 0.08002645502645503 0.07390873015873016
0 0.9556878306878307 0.04513888888888889 0.04034391534391534 0.028769841269841268
0 0.7486772486772487 0.1185515873015873 0.03968253968253968 0.030753968253968252
7 0.6977513227513228 0.05853174603174603 0.052248677248677246 0.05505952380952381
3 0.96494708994709 0.1185515873015873 0.057539682539682536 0.03273809523809524
3 0.9808201058201058 0.18204365079365079 0.03835978835978836 0.03670634920634921
0 0.8723544973544973 0.39632936507936506 0.057539682539682536 0.034722222222222224
4 0.753968253968254 0.7465277777777778 0.06613756613756613 0.07192460317460317
2 0.6369047619047619 0.8045634920634921 0.1111111111111111 0.08978174603174603
4 0.9093915343915344 0.9637896825396826 0.09523809523809523 0.07192460317460317
4 0.533068783068783 0.6150793650793651 0.07407407407407407 0.07936507936507936
3 0.06746031746031746 0.16517857142857142 0.13425925925925927 0.12003968253968254
7 0.37962962962962965 0.04712301587301587 0.10978835978835978 0.09375
4 0.4027777777777778 0.34375 0.12433862433862433 0.09375
4 0.7195767195767195 0.3382936507936508 0.07407407407407407 0.07688492063492064
2 0.9093915343915344 0.48759920634920634 0.06547619047619048 0.03968253968253968
4 0.7691798941798942 0.46875 0.082010582010582 0.06349206349206349
4 0.9371693121693122 0.28125 0.06547619047619048 0.040674603174603176
3 0.9603174603174603 0.4126984126984127 0.0701058201058201 0.0441468253968254
3 0.5297619047619048 0.20188492063492064 0.15343915343915343 0.07688492063492064
4 0.9272486772486772 0.6304563492063492 0.07936507936507936 0.054563492063492064
4 0.1349206349206349 0.9429563492063492 0.1335978835978836 0.10813492063492064
0 0.25132275132275134 0.5992063492063492 0.10052910052910052 0.06299603174603174
2 0.3994708994708995 0.566468253968254 0.11177248677248677 0.07043650793650794
7 0.7738095238095238 0.18055555555555555 0.07473544973544974 0.05357142857142857