4 0.5376984126984127 0.060515873015873016 0.06878306878306878 0.049107142857142856
4 0.7751322751322751 0.14583333333333334 0.10251322751322751 0.07142857142857142
1 0.5873015873015873 0.7906746031746031 0.2466931216931217 0.0763888888888889
1 0.3637566137566138 0.5967261904761905 0.16997354497354497 0.07787698412698413
1 0.41865079365079366 0.17609126984126985 0.1302910052910053 0.0763888888888889
4 0.8697089947089947 0.06448412698412699 0.10185185185185185 0.10813492063492064
4 0.8809523809523809 0.3020833333333333 0.11772486772486772 0.059027777777777776
4 0.830026455026455 0.6294642857142857 0.10846560846560846 0.09573412698412699
2 0.7936507936507936 0.8055555555555556 0.04563492063492063 0.027281746031746032
2 0.25066137566137564 0.28720238095238093 0.03373015873015873 0.027777777777777776
4 0.5925925925925926 0.25 0.06018518518518518 0.05257936507936508
4 0.3333333333333333 0.3531746031746032 0.12367724867724868 0.07589285714285714
0 0.5158730158730159 0.18501984126984128 0.05489417989417989 0.036210317460317464
4 0.6534391534391535 0.19444444444444445 0.056878306878306875 0.03125
4 0.6818783068783069 0.38095238095238093 0.07208994708994709 0.040674603174603176
4 0.6567460317460317 0.45089285714285715 0.062169312169312166 0.043154761904761904
4 0.022486772486772486 0.47271825396825395 0.03571428571428571 0.03571428571428571
7 0.27843915343915343 0.17162698412698413 0.0958994708994709 0.04662698412698413
0 0.5033068783068783 0.4146825396825397 0.06349206349206349 0.04712301587301587
1 0.3101851851851852 0.46478174603174605 0.09656084656084656 0.09821428571428571
0 0.44312169312169314 0.5228174603174603 0.06018518518518518 0.050595238095238096
0 0.6150793650793651 0.6274801587301587 0.09788359788359788 0.04861111111111111
5 0.1283068783068783 0.33482142857142855 0.07738095238095238 0.03571428571428571
0 0.1970899470899471 0.34226190476190477 0.07539682539682539 0.03819444444444445
1 0.4947089947089947 0.27827380952380953 0.10251322751322751 0.044642857142857144
0 0.453042328042328 0.7346230158730159 0.06018518518518518 0.05109126984126984
5 0.20304232804232805 0.6924603174603174 0.05423280423280423 0.04662698412698413
7 0.1302910052910053 0.7247023809523809 0.05555555555555555 0.0441468253968254
4 0.1335978835978836 0.5808531746031746 0.0582010582010582 0.030257936507936508
5 0.06018518518518518 0.5699404761904762 0.05886243386243386 0.047619047619047616
3 0.06349206349206349 0.5218253968253969 0.05886243386243386 0.05853174603174603
2 0.1931216931216931 0.5252976190476191 0.031746031746031744 0.023809523809523808
0 0.12433862433862433 0.498015873015873 0.05489417989417989 0.04365079365079365
0 0.28835978835978837 0.8630952380952381 0.046957671957671955 0.043154761904761904
4 0.10714285714285714 0.871031746031746 0.11375661375661375 0.09523809523809523
7 0.12896825396825398 0.9618055555555556 0.06613756613756613 0.04861111111111111
4 0.5720899470899471 0.9657738095238095 0.05952380952380952 0.03521825396825397
4 0.546957671957672 0.8888888888888888 0.03373015873015873 0.025793650793650792
3 0.53505291005291 0.9221230158730159 0.032407407407407406 0.036210317460317464
7 0.6547619047619048 0.964781746031746 0.06415343915343916 0.06696428571428571
6 0.375 0.2698412698412698 0.11177248677248677 0.05654761904761905
7 0.207010582010582 0.21428571428571427 0.08597883597883597 0.07490079365079365
4 0.03835978835978836 0.1746031746031746 0.07671957671957672 0.057539682539682536
5 0.0496031746031746 0.38938492063492064 0.08928571428571429 0.029265873015873016
1 0.25462962962962965 0.9236111111111112 0.12235449735449735 0.15228174603174602
0 0.9808201058201058 0.5892857142857143 0.03835978835978836 0.05505952380952381