4 0.8869047619047619 0.501984126984127 0.1164021164021164 0.06299603174603174
4 0.876984126984127 0.2693452380952381 0.14153439153439154 0.06845238095238096
4 0.6732804232804233 0.32490079365079366 0.11177248677248677 0.06547619047619048
4 0.4351851851851852 0.4836309523809524 0.10582010582010581 0.04563492063492063
4 0.5515873015873016 0.595734126984127 0.08664021164021164 0.04117063492063492
4 0.6283068783068783 0.9236111111111112 0.12764550264550265 0.0818452380952381
4 0.48478835978835977 0.8229166666666666 0.1455026455026455 0.06944444444444445
4 0.3101851851851852 0.5198412698412699 0.08267195767195767 0.0679563492063492
4 0.2222222222222222 0.32787698412698413 0.10251322751322751 0.056051587301587304
4 0.4675925925925926 0.13541666666666666 0.09656084656084656 0.09325396825396826
4 0.5615079365079365 0.037698412698412696 0.11970899470899471 0.07539682539682539
4 0.4193121693121693 0.30952380952380953 0.18055555555555555 0.08432539682539683
0 0.05092592592592592 0.9642857142857143 0.09126984126984126 0.047619047619047616
0 0.3862433862433862 0.8968253968253969 0.057539682539682536 0.028769841269841268
0 0.498015873015873 0.6557539682539683 0.06613756613756613 0.033234126984126984
0 0.7003968253968254 0.7430555555555556 0.057539682539682536 0.043154761904761904
0 0.7698412698412699 0.6031746031746031 0.06018518518518518 0.049107142857142856
0 0.3029100529100529 0.21378968253968253 0.07936507936507936 0.053075396825396824
0 0.25992063492063494 0.8948412698412699 0.07936507936507936 0.034722222222222224
0 0.4246031746031746 0.5873015873015873 0.061507936507936505 0.031746031746031744
0 0.7791005291005291 0.6884920634920635 0.07208994708994709 0.03819444444444445
2 0.20238095238095238 0.964781746031746 0.056216931216931214 0.03571428571428571
2 0.7705026455026455 0.8323412698412699 0.0582010582010582 0.03869047619047619
2 0.8756613756613757 0.7440476190476191 0.046957671957671955 0.03571428571428571
0 0.15674603174603174 0.6954365079365079 0.07671957671957672 0.043154761904761904
5 0.031084656084656083 0.4756944444444444 0.061507936507936505 0.0496031746031746
5 0.7724867724867724 0.19246031746031747 0.09986772486772487 0.056051587301587304
4 0.06812169312169312 0.11755952380952381 0.12566137566137567 0.07192460317460317
0 0.705026455026455 0.40476190476190477 0.07539682539682539 0.05109126984126984
0 0.7718253968253969 0.48115079365079366 0.07407407407407407 0.040674603174603176
7 0.6706349206349206 0.5629960317460317 0.06018518518518518 0.030753968253968252
7 0.7566137566137566 0.9454365079365079 0.09722222222222222 0.06101190476190476
5 0.8743386243386243 0.8903769841269841 0.07407407407407407 0.05853174603174603
4 0.30687830687830686 0.748015873015873 0.09986772486772487 0.04365079365079365
4 0.18121693121693122 0.8080357142857143 0.08267195767195767 0.06299603174603174
5 0.8921957671957672 0.5992063492063492 0.08002645502645503 0.05803571428571429